function data()
return {
	times = { 0, 41.667, 83.333, 125, 166.667, 208.333, 250, 291.667, 333.333, 375, 416.667, 458.333, 500, 541.667, 583.333, 625, 666.667, 708.333, 750, 791.667, 833.333, 875, 916.667, 958.333, 1000, 1041.667, 1083.333, 1125, 1166.667, 1208.333, 1250, 1291.667, 1333.333, 1375, 1416.667, 1458.333, 1500, 1541.667, 1583.333, 1625, 1666.667, 1708.333, 1750, 1791.667, 1833.333, 1875, 1916.667, 1958.333, 2000, 2041.667, 2083.333, 2125, 2166.667, 2208.333, 2250, 2291.667, 2333.333, 2375, 2416.667, 2458.333, 2500, 2541.667, 2583.333, 2625, 2666.667, 2708.333, 2750, 2791.667, 2833.333, 2875, 2916.667, 2958.333, 3000, 3041.667, 3083.333, 3125, 3166.667, 3208.333, 3250, 3291.667, 3333.333, 3375, 3416.667, 3458.333, 3500, 3541.667, 3583.333, 3625, 3666.667, 3708.333, 3750, 3791.667, 3833.333, 3875, 3916.667, 3958.333, 4000, 4041.667, 4125, },
	transfs = {
		{ 1, 0, 0, 0, 0, 1, 0, 0, 0, 0, 1, 0, 0, 0, 0, 1, },
		{ 0.99999988079071, 0.00054346775868908, 0, 0, -0.00054346775868908, 0.99999988079071, 0, 0, 0, 0, 1, 0, 0, 0, 0, 1, },
		{ 0.99999767541885, 0.0021592795383185, 0, 0, -0.0021592795383185, 0.99999767541885, 0, 0, 0, 0, 1, 0, 0, 0, 0, 1, },
		{ 0.99998831748962, 0.0048255370929837, 0, 0, -0.0048255370929837, 0.99998831748962, 0, 0, 0, 0, 1, 0, 0, 0, 0, 1, },
		{ 0.99996364116669, 0.00852030236274, 0, 0, -0.00852030236274, 0.99996364116669, 0, 0, 0, 0, 1, 0, 0, 0, 0, 1, },
		{ 0.99991261959076, 0.01322156470269, 0, 0, -0.01322156470269, 0.99991261959076, 0, 0, 0, 0, 1, 0, 0, 0, 0, 1, },
		{ 0.99982124567032, 0.018907172605395, 0, 0, -0.018907172605395, 0.99982124567032, 0, 0, 0, 0, 1, 0, 0, 0, 0, 1, },
		{ 0.99967336654663, 0.025554792955518, 0, 0, -0.025554792955518, 0.99967336654663, 0, 0, 0, 0, 1, 0, 0, 0, 0, 1, },
		{ 0.99945068359375, 0.033141814172268, 0, 0, -0.033141814172268, 0.99945068359375, 0, 0, 0, 0, 1, 0, 0, 0, 0, 1, },
		{ 0.99913245439529, 0.041645303368568, 0, 0, -0.041645303368568, 0.99913245439529, 0, 0, 0, 0, 1, 0, 0, 0, 0, 1, },
		{ 0.99869650602341, 0.051041889935732, 0, 0, -0.051041889935732, 0.99869650602341, 0, 0, 0, 0, 1, 0, 0, 0, 0, 1, },
		{ 0.99811887741089, 0.061307724565268, 0, 0, -0.061307724565268, 0.99811887741089, 0, 0, 0, 0, 1, 0, 0, 0, 0, 1, },
		{ 0.99737429618835, 0.072418376803398, 0, 0, -0.072418376803398, 0.99737429618835, 0, 0, 0, 0, 1, 0, 0, 0, 0, 1, },
		{ 0.99643629789352, 0.084348730742931, 0, 0, -0.084348730742931, 0.99643629789352, 0, 0, 0, 0, 1, 0, 0, 0, 0, 1, },
		{ 0.99527722597122, 0.097072921693325, 0, 0, -0.097072921693325, 0.99527722597122, 0, 0, 0, 0, 1, 0, 0, 0, 0, 1, },
		{ 0.99386888742447, 0.11056429892778, 0, 0, -0.11056429892778, 0.99386888742447, 0, 0, 0, 0, 1, 0, 0, 0, 0, 1, },
		{ 0.99218243360519, 0.12479538470507, 0, 0, -0.12479538470507, 0.99218243360519, 0, 0, 0, 0, 1, 0, 0, 0, 0, 1, },
		{ 0.99018847942352, 0.13973766565323, 0, 0, -0.13973766565323, 0.99018847942352, 0, 0, 0, 0, 1, 0, 0, 0, 0, 1, },
		{ 0.98785769939423, 0.15536157786846, 0, 0, -0.15536157786846, 0.98785769939423, 0, 0, 0, 0, 1, 0, 0, 0, 0, 1, },
		{ 0.98516029119492, 0.17163674533367, 0, 0, -0.17163674533367, 0.98516029119492, 0, 0, 0, 0, 1, 0, 0, 0, 0, 1, },
		{ 0.98206716775894, 0.18853148818016, 0, 0, -0.18853148818016, 0.98206716775894, 0, 0, 0, 0, 1, 0, 0, 0, 0, 1, },
		{ 0.97854918241501, 0.20601314306259, 0, 0, -0.20601314306259, 0.97854918241501, 0, 0, 0, 0, 1, 0, 0, 0, 0, 1, },
		{ 0.97457814216614, 0.22404778003693, 0, 0, -0.22404778003693, 0.97457814216614, 0, 0, 0, 0, 1, 0, 0, 0, 0, 1, },
		{ 0.97012621164322, 0.24260054528713, 0, 0, -0.24260054528713, 0.97012621164322, 0, 0, 0, 0, 1, 0, 0, 0, 0, 1, },
		{ 0.96516674757004, 0.26163545250893, 0, 0, -0.26163545250893, 0.96516674757004, 0, 0, 0, 0, 1, 0, 0, 0, 0, 1, },
		{ 0.9596740603447, 0.28111499547958, 0, 0, -0.28111499547958, 0.9596740603447, 0, 0, 0, 0, 1, 0, 0, 0, 0, 1, },
		{ 0.95362365245819, 0.30100136995316, 0, 0, -0.30100136995316, 0.95362365245819, 0, 0, 0, 0, 1, 0, 0, 0, 0, 1, },
		{ 0.94699263572693, 0.32125502824783, 0, 0, -0.32125502824783, 0.94699263572693, 0, 0, 0, 0, 1, 0, 0, 0, 0, 1, },
		{ 0.93975961208344, 0.34183588624001, 0, 0, -0.34183588624001, 0.93975961208344, 0, 0, 0, 0, 1, 0, 0, 0, 0, 1, },
		{ 0.93190485239029, 0.36270281672478, 0, 0, -0.36270281672478, 0.93190485239029, 0, 0, 0, 0, 1, 0, 0, 0, 0, 1, },
		{ 0.92341041564941, 0.3838138282299, 0, 0, -0.3838138282299, 0.92341041564941, 0, 0, 0, 0, 1, 0, 0, 0, 0, 1, },
		{ 0.91426074504852, 0.40512624382973, 0, 0, -0.40512624382973, 0.91426074504852, 0, 0, 0, 0, 1, 0, 0, 0, 0, 1, },
		{ 0.90444183349609, 0.42659690976143, 0, 0, -0.42659690976143, 0.90444183349609, 0, 0, 0, 0, 1, 0, 0, 0, 0, 1, },
		{ 0.89394235610962, 0.44818195700645, 0, 0, -0.44818195700645, 0.89394235610962, 0, 0, 0, 0, 1, 0, 0, 0, 0, 1, },
		{ 0.88275307416916, 0.46983724832535, 0, 0, -0.46983724832535, 0.88275307416916, 0, 0, 0, 0, 1, 0, 0, 0, 0, 1, },
		{ 0.87086725234985, 0.49151819944382, 0, 0, -0.49151819944382, 0.87086725234985, 0, 0, 0, 0, 1, 0, 0, 0, 0, 1, },
		{ 0.85828059911728, 0.51318061351776, 0, 0, -0.51318061351776, 0.85828059911728, 0, 0, 0, 0, 1, 0, 0, 0, 0, 1, },
		{ 0.84499138593674, 0.53477984666824, 0, 0, -0.53477984666824, 0.84499138593674, 0, 0, 0, 0, 1, 0, 0, 0, 0, 1, },
		{ 0.83100068569183, 0.55627143383026, 0, 0, -0.55627143383026, 0.83100068569183, 0, 0, 0, 0, 1, 0, 0, 0, 0, 1, },
		{ 0.8163115978241, 0.57761168479919, 0, 0, -0.57761168479919, 0.8163115978241, 0, 0, 0, 0, 1, 0, 0, 0, 0, 1, },
		{ 0.80093050003052, 0.59875726699829, 0, 0, -0.59875726699829, 0.80093050003052, 0, 0, 0, 0, 1, 0, 0, 0, 0, 1, },
		{ 0.78486651182175, 0.6196648478508, 0, 0, -0.6196648478508, 0.78486651182175, 0, 0, 0, 0, 1, 0, 0, 0, 0, 1, },
		{ 0.76813048124313, 0.64029324054718, 0, 0, -0.64029324054718, 0.76813048124313, 0, 0, 0, 0, 1, 0, 0, 0, 0, 1, },
		{ 0.75073701143265, 0.6606011390686, 0, 0, -0.6606011390686, 0.75073701143265, 0, 0, 0, 0, 1, 0, 0, 0, 0, 1, },
		{ 0.73270255327225, 0.68054902553558, 0, 0, -0.68054902553558, 0.73270255327225, 0, 0, 0, 0, 1, 0, 0, 0, 0, 1, },
		{ 0.71404618024826, 0.70009857416153, 0, 0, -0.70009857416153, 0.71404618024826, 0, 0, 0, 0, 1, 0, 0, 0, 0, 1, },
		{ 0.69478970766068, 0.71921294927597, 0, 0, -0.71921294927597, 0.69478970766068, 0, 0, 0, 0, 1, 0, 0, 0, 0, 1, },
		{ 0.67495709657669, 0.73785698413849, 0, 0, -0.73785698413849, 0.67495709657669, 0, 0, 0, 0, 1, 0, 0, 0, 0, 1, },
		{ 0.65457481145859, 0.75599724054337, 0, 0, -0.75599724054337, 0.65457481145859, 0, 0, 0, 0, 1, 0, 0, 0, 0, 1, },
		{ 0.63367146253586, 0.7736023068428, 0, 0, -0.7736023068428, 0.63367146253586, 0, 0, 0, 0, 1, 0, 0, 0, 0, 1, },
		{ 0.6122772693634, 0.79064303636551, 0, 0, -0.79064303636551, 0.6122772693634, 0, 0, 0, 0, 1, 0, 0, 0, 0, 1, },
		{ 0.59042519330978, 0.80709224939346, 0, 0, -0.80709224939346, 0.59042519330978, 0, 0, 0, 0, 1, 0, 0, 0, 0, 1, },
		{ 0.5681494474411, 0.82292538881302, 0, 0, -0.82292538881302, 0.5681494474411, 0, 0, 0, 0, 1, 0, 0, 0, 0, 1, },
		{ 0.54548609256744, 0.83811980485916, 0, 0, -0.83811980485916, 0.54548609256744, 0, 0, 0, 0, 1, 0, 0, 0, 0, 1, },
		{ 0.52247262001038, 0.85265606641769, 0, 0, -0.85265606641769, 0.52247262001038, 0, 0, 0, 0, 1, 0, 0, 0, 0, 1, },
		{ 0.49914786219597, 0.86651676893234, 0, 0, -0.86651676893234, 0.49914786219597, 0, 0, 0, 0, 1, 0, 0, 0, 0, 1, },
		{ 0.47555151581764, 0.87968778610229, 0, 0, -0.87968778610229, 0.47555151581764, 0, 0, 0, 0, 1, 0, 0, 0, 0, 1, },
		{ 0.45172548294067, 0.89215701818466, 0, 0, -0.89215701818466, 0.45172548294067, 0, 0, 0, 0, 1, 0, 0, 0, 0, 1, },
		{ 0.42771118879318, 0.90391540527344, 0, 0, -0.90391540527344, 0.42771118879318, 0, 0, 0, 0, 1, 0, 0, 0, 0, 1, },
		{ 0.40355119109154, 0.91495698690414, 0, 0, -0.91495698690414, 0.40355119109154, 0, 0, 0, 0, 1, 0, 0, 0, 0, 1, },
		{ 0.37928888201714, 0.92527830600739, 0, 0, -0.92527830600739, 0.37928888201714, 0, 0, 0, 0, 1, 0, 0, 0, 0, 1, },
		{ 0.35496747493744, 0.93487864732742, 0, 0, -0.93487864732742, 0.35496747493744, 0, 0, 0, 0, 1, 0, 0, 0, 0, 1, },
		{ 0.33063042163849, 0.94376027584076, 0, 0, -0.94376027584076, 0.33063042163849, 0, 0, 0, 0, 1, 0, 0, 0, 0, 1, },
		{ 0.30632147192955, 0.95192807912827, 0, 0, -0.95192807912827, 0.30632147192955, 0, 0, 0, 0, 1, 0, 0, 0, 0, 1, },
		{ 0.28208419680595, 0.95938956737518, 0, 0, -0.95938956737518, 0.28208419680595, 0, 0, 0, 0, 1, 0, 0, 0, 0, 1, },
		{ 0.25796130299568, 0.96615523099899, 0, 0, -0.96615523099899, 0.25796130299568, 0, 0, 0, 0, 1, 0, 0, 0, 0, 1, },
		{ 0.233995616436, 0.97223764657974, 0, 0, -0.97223764657974, 0.233995616436, 0, 0, 0, 0, 1, 0, 0, 0, 0, 1, },
		{ 0.21022939682007, 0.97765207290649, 0, 0, -0.97765207290649, 0.21022939682007, 0, 0, 0, 0, 1, 0, 0, 0, 0, 1, },
		{ 0.18670378625393, 0.98241621255875, 0, 0, -0.98241621255875, 0.18670378625393, 0, 0, 0, 0, 1, 0, 0, 0, 0, 1, },
		{ 0.16345946490765, 0.98654997348785, 0, 0, -0.98654997348785, 0.16345946490765, 0, 0, 0, 0, 1, 0, 0, 0, 0, 1, },
		{ 0.14053523540497, 0.99007558822632, 0, 0, -0.99007558822632, 0.14053523540497, 0, 0, 0, 0, 1, 0, 0, 0, 0, 1, },
		{ 0.11797032505274, 0.99301707744598, 0, 0, -0.99301707744598, 0.11797032505274, 0, 0, 0, 0, 1, 0, 0, 0, 0, 1, },
		{ 0.095801882445812, 0.99540036916733, 0, 0, -0.99540036916733, 0.095801882445812, 0, 0, 0, 0, 1, 0, 0, 0, 0, 1, },
		{ 0.0740657299757, 0.99725329875946, 0, 0, -0.99725329875946, 0.0740657299757, 0, 0, 0, 0, 1, 0, 0, 0, 0, 1, },
		{ 0.052797242999077, 0.99860525131226, 0, 0, -0.99860525131226, 0.052797242999077, 0, 0, 0, 0, 1, 0, 0, 0, 0, 1, },
		{ 0.032029420137405, 0.99948692321777, 0, 0, -0.99948692321777, 0.032029420137405, 0, 0, 0, 0, 1, 0, 0, 0, 0, 1, },
		{ 0.011795266531408, 0.9999303817749, 0, 0, -0.9999303817749, 0.011795266531408, 0, 0, 0, 0, 1, 0, 0, 0, 0, 1, },
		{ -0.0078748855739832, 0.99996894598007, 0, 0, -0.99996894598007, -0.0078748855739832, 0, 0, 0, 0, 1, 0, 0, 0, 0, 1, },
		{ -0.026951521635056, 0.99963676929474, 0, 0, -0.99963676929474, -0.026951521635056, 0, 0, 0, 0, 1, 0, 0, 0, 0, 1, },
		{ -0.045406058430672, 0.99896854162216, 0, 0, -0.99896854162216, -0.045406058430672, 0, 0, 0, 0, 1, 0, 0, 0, 0, 1, },
		{ -0.063212163746357, 0.99800002574921, 0, 0, -0.99800002574921, -0.063212163746357, 0, 0, 0, 0, 1, 0, 0, 0, 0, 1, },
		{ -0.080343306064606, 0.99676716327667, 0, 0, -0.99676716327667, -0.080343306064606, 0, 0, 0, 0, 1, 0, 0, 0, 0, 1, },
		{ -0.096775382757187, 0.99530619382858, 0, 0, -0.99530619382858, -0.096775382757187, 0, 0, 0, 0, 1, 0, 0, 0, 0, 1, },
		{ -0.1124856993556, 0.99365329742432, 0, 0, -0.99365329742432, -0.1124856993556, 0, 0, 0, 0, 1, 0, 0, 0, 0, 1, },
		{ -0.12745150923729, 0.99184477329254, 0, 0, -0.99184477329254, -0.12745150923729, 0, 0, 0, 0, 1, 0, 0, 0, 0, 1, },
		{ -0.14165206253529, 0.98991644382477, 0, 0, -0.98991644382477, -0.14165206253529, 0, 0, 0, 0, 1, 0, 0, 0, 0, 1, },
		{ -0.15506638586521, 0.98790407180786, 0, 0, -0.98790407180786, -0.15506638586521, 0, 0, 0, 0, 1, 0, 0, 0, 0, 1, },
		{ -0.1676758825779, 0.9858421087265, 0, 0, -0.9858421087265, -0.1676758825779, 0, 0, 0, 0, 1, 0, 0, 0, 0, 1, },
		{ -0.17946146428585, 0.98376500606537, 0, 0, -0.98376500606537, -0.17946146428585, 0, 0, 0, 0, 1, 0, 0, 0, 0, 1, },
		{ -0.19040493667126, 0.98170554637909, 0, 0, -0.98170554637909, -0.19040493667126, 0, 0, 0, 0, 1, 0, 0, 0, 0, 1, },
		{ -0.20048867166042, 0.97969603538513, 0, 0, -0.97969603538513, -0.20048867166042, 0, 0, 0, 0, 1, 0, 0, 0, 0, 1, },
		{ -0.20969560742378, 0.9777666926384, 0, 0, -0.9777666926384, -0.20969560742378, 0, 0, 0, 0, 1, 0, 0, 0, 0, 1, },
		{ -0.21800780296326, 0.9759469628334, 0, 0, -0.9759469628334, -0.21800780296326, 0, 0, 0, 0, 1, 0, 0, 0, 0, 1, },
		{ -0.22540953755379, 0.97426408529282, 0, 0, -0.97426408529282, -0.22540953755379, 0, 0, 0, 0, 1, 0, 0, 0, 0, 1, },
		{ -0.23188251256943, 0.97274380922318, 0, 0, -0.97274380922318, -0.23188251256943, 0, 0, 0, 0, 1, 0, 0, 0, 0, 1, },
		{ -0.237409979105, 0.97140949964523, 0, 0, -0.97140949964523, -0.237409979105, 0, 0, 0, 0, 1, 0, 0, 0, 0, 1, },
		{ -0.24197460711002, 0.97028249502182, 0, 0, -0.97028249502182, -0.24197460711002, 0, 0, 0, 0, 1, 0, 0, 0, 0, 1, },
		{ -0.24555826187134, 0.96938180923462, 0, 0, -0.96938180923462, -0.24555826187134, 0, 0, 0, 0, 1, 0, 0, 0, 0, 1, },
		{ -0.24970674514771, 0.96832150220871, 0, 0, -0.96832150220871, -0.24970674514771, 0, 0, 0, 0, 1, 0, 0, 0, 0, 1, },
	},
}
end
