function data()
return {
	times = { 0, 41.667, 83.333, 125, 166.667, 208.333, 250, 291.667, 333.333, 375, 416.667, 458.333, 500, 541.667, 583.333, 625, 666.667, 708.333, 750, 791.667, 833.333, 875, 916.667, 958.333, 1000, 1041.667, 1083.333, 1125, 1166.667, 1208.333, 1250, 1291.667, 1333.333, 1375, 1416.667, 1458.333, 1500, 1541.667, 1583.333, 1625, 1666.667, 1708.333, 1750, 1791.667, 1833.333, 1875, 1916.667, 1958.333, 2000, 2041.667, 2083.333, 2125, 2166.667, 2208.333, 2250, 2291.667, 2333.333, 2375, 2416.667, 2458.333, 2500, 2541.667, 2583.333, 2625, 2666.667, 2708.333, 2750, 2791.667, 2833.333, 2875, 2916.667, 2958.333, 3000, 3041.667, 3083.333, 3125, 3166.667, 3208.333, 3250, 3291.667, 3333.333, 3375, 3416.667, 3458.333, 3500, 3541.667, 3583.333, 3625, 3666.667, 3708.333, 3750, 3791.667, 3833.333, 3875, 3916.667, 3958.333, 4000, 4041.667, 4125, },
	transfs = {
		{ 1, 0, 0, 0, 0, 1, 0, 0, 0, 0, 1, 0, 0, 0, 0, 1, },
		{ 0.99999988079071, -0.00053748465143144, 0, 0, 0.00053748465143144, 0.99999988079071, 0, 0, 0, 0, 1, 0, 0, 0, 0, 1, },
		{ 0.9999977350235, -0.0021355086937547, 0, 0, 0.0021355086937547, 0.9999977350235, 0, 0, 0, 0, 1, 0, 0, 0, 0, 1, },
		{ 0.99998861551285, -0.0047724130563438, 0, 0, 0.0047724130563438, 0.99998861551285, 0, 0, 0, 0, 1, 0, 0, 0, 0, 1, },
		{ 0.99996447563171, -0.0084265079349279, 0, 0, 0.0084265079349279, 0.99996447563171, 0, 0, 0, 0, 1, 0, 0, 0, 0, 1, },
		{ 0.99991446733475, -0.013076019473374, 0, 0, 0.013076019473374, 0.99991446733475, 0, 0, 0, 0, 1, 0, 0, 0, 0, 1, },
		{ 0.99982517957687, -0.018699048087001, 0, 0, 0.018699048087001, 0.99982517957687, 0, 0, 0, 0, 1, 0, 0, 0, 0, 1, },
		{ 0.999680519104, -0.025273522362113, 0, 0, 0.025273522362113, 0.999680519104, 0, 0, 0, 0, 1, 0, 0, 0, 0, 1, },
		{ 0.99946260452271, -0.032777100801468, 0, 0, 0.032777100801468, 0.99946260452271, 0, 0, 0, 0, 1, 0, 0, 0, 0, 1, },
		{ 0.99915146827698, -0.041187081485987, 0, 0, 0.041187081485987, 0.99915146827698, 0, 0, 0, 0, 1, 0, 0, 0, 0, 1, },
		{ 0.99872499704361, -0.050480466336012, 0, 0, 0.050480466336012, 0.99872499704361, 0, 0, 0, 0, 1, 0, 0, 0, 0, 1, },
		{ 0.99816006422043, -0.060633633285761, 0, 0, 0.060633633285761, 0.99816006422043, 0, 0, 0, 0, 1, 0, 0, 0, 0, 1, },
		{ 0.99743175506592, -0.071622498333454, 0, 0, 0.071622498333454, 0.99743175506592, 0, 0, 0, 0, 1, 0, 0, 0, 0, 1, },
		{ 0.99651420116425, -0.083422288298607, 0, 0, 0.083422288298607, 0.99651420116425, 0, 0, 0, 0, 1, 0, 0, 0, 0, 1, },
		{ 0.99538052082062, -0.096007570624352, 0, 0, 0.096007570624352, 0.99538052082062, 0, 0, 0, 0, 1, 0, 0, 0, 0, 1, },
		{ 0.9940031170845, -0.1093520000577, 0, 0, 0.1093520000577, 0.9940031170845, 0, 0, 0, 0, 1, 0, 0, 0, 0, 1, },
		{ 0.99235343933105, -0.12342861294746, 0, 0, 0.12342861294746, 0.99235343933105, 0, 0, 0, 0, 1, 0, 0, 0, 0, 1, },
		{ 0.99040305614471, -0.13820917904377, 0, 0, 0.13820917904377, 0.99040305614471, 0, 0, 0, 0, 1, 0, 0, 0, 0, 1, },
		{ 0.98812299966812, -0.15366488695145, 0, 0, 0.15366488695145, 0.98812299966812, 0, 0, 0, 0, 1, 0, 0, 0, 0, 1, },
		{ 0.98548448085785, -0.16976565122604, 0, 0, 0.16976565122604, 0.98548448085785, 0, 0, 0, 0, 1, 0, 0, 0, 0, 1, },
		{ 0.98245859146118, -0.18648049235344, 0, 0, 0.18648049235344, 0.98245859146118, 0, 0, 0, 0, 1, 0, 0, 0, 0, 1, },
		{ 0.97901725769043, -0.20377722382545, 0, 0, 0.20377722382545, 0.97901725769043, 0, 0, 0, 0, 1, 0, 0, 0, 0, 1, },
		{ 0.97513252496719, -0.22162264585495, 0, 0, 0.22162264585495, 0.97513252496719, 0, 0, 0, 0, 1, 0, 0, 0, 0, 1, },
		{ 0.97077721357346, -0.23998253047466, 0, 0, 0.23998253047466, 0.97077721357346, 0, 0, 0, 0, 1, 0, 0, 0, 0, 1, },
		{ 0.96592509746552, -0.25882151722908, 0, 0, 0.25882151722908, 0.96592509746552, 0, 0, 0, 0, 1, 0, 0, 0, 0, 1, },
		{ 0.96055120229721, -0.27810308337212, 0, 0, 0.27810308337212, 0.96055120229721, 0, 0, 0, 0, 1, 0, 0, 0, 0, 1, },
		{ 0.95463144779205, -0.29778990149498, 0, 0, 0.29778990149498, 0.95463144779205, 0, 0, 0, 0, 1, 0, 0, 0, 0, 1, },
		{ 0.94814318418503, -0.31784334778786, 0, 0, 0.31784334778786, 0.94814318418503, 0, 0, 0, 0, 1, 0, 0, 0, 0, 1, },
		{ 0.94106560945511, -0.33822402358055, 0, 0, 0.33822402358055, 0.94106560945511, 0, 0, 0, 0, 1, 0, 0, 0, 0, 1, },
		{ 0.93337911367416, -0.35889193415642, 0, 0, 0.35889193415642, 0.93337911367416, 0, 0, 0, 0, 1, 0, 0, 0, 0, 1, },
		{ 0.92506623268127, -0.37980568408966, 0, 0, 0.37980568408966, 0.92506623268127, 0, 0, 0, 0, 1, 0, 0, 0, 0, 1, },
		{ 0.9161114692688, -0.40092360973358, 0, 0, 0.40092360973358, 0.9161114692688, 0, 0, 0, 0, 1, 0, 0, 0, 0, 1, },
		{ 0.9065009355545, -0.42220368981361, 0, 0, 0.42220368981361, 0.9065009355545, 0, 0, 0, 0, 1, 0, 0, 0, 0, 1, },
		{ 0.89622354507446, -0.44360262155533, 0, 0, 0.44360262155533, 0.89622354507446, 0, 0, 0, 0, 1, 0, 0, 0, 0, 1, },
		{ 0.88527005910873, -0.46507734060287, 0, 0, 0.46507734060287, 0.88527005910873, 0, 0, 0, 0, 1, 0, 0, 0, 0, 1, },
		{ 0.87363374233246, -0.48658409714699, 0, 0, 0.48658409714699, 0.87363374233246, 0, 0, 0, 0, 1, 0, 0, 0, 0, 1, },
		{ 0.86130994558334, -0.50807988643646, 0, 0, 0.50807988643646, 0.86130994558334, 0, 0, 0, 0, 1, 0, 0, 0, 0, 1, },
		{ 0.84829711914063, -0.5295205116272, 0, 0, 0.5295205116272, 0.84829711914063, 0, 0, 0, 0, 1, 0, 0, 0, 0, 1, },
		{ 0.83459550142288, -0.55086320638657, 0, 0, 0.55086320638657, 0.83459550142288, 0, 0, 0, 0, 1, 0, 0, 0, 0, 1, },
		{ 0.82020860910416, -0.57206439971924, 0, 0, 0.57206439971924, 0.82020860910416, 0, 0, 0, 0, 1, 0, 0, 0, 0, 1, },
		{ 0.80514216423035, -0.59308183193207, 0, 0, 0.59308183193207, 0.80514216423035, 0, 0, 0, 0, 1, 0, 0, 0, 0, 1, },
		{ 0.78940427303314, -0.61387366056442, 0, 0, 0.61387366056442, 0.78940427303314, 0, 0, 0, 0, 1, 0, 0, 0, 0, 1, },
		{ 0.77300626039505, -0.63439840078354, 0, 0, 0.63439840078354, 0.77300626039505, 0, 0, 0, 0, 1, 0, 0, 0, 0, 1, },
		{ 0.75596112012863, -0.65461641550064, 0, 0, 0.65461641550064, 0.75596112012863, 0, 0, 0, 0, 1, 0, 0, 0, 0, 1, },
		{ 0.73828536272049, -0.67448848485947, 0, 0, 0.67448848485947, 0.73828536272049, 0, 0, 0, 0, 1, 0, 0, 0, 0, 1, },
		{ 0.71999728679657, -0.69397687911987, 0, 0, 0.69397687911987, 0.71999728679657, 0, 0, 0, 0, 1, 0, 0, 0, 0, 1, },
		{ 0.70111781358719, -0.71304547786713, 0, 0, 0.71304547786713, 0.70111781358719, 0, 0, 0, 0, 1, 0, 0, 0, 0, 1, },
		{ 0.68167012929916, -0.73165965080261, 0, 0, 0.73165965080261, 0.68167012929916, 0, 0, 0, 0, 1, 0, 0, 0, 0, 1, },
		{ 0.66167968511581, -0.7497866153717, 0, 0, 0.7497866153717, 0.66167968511581, 0, 0, 0, 0, 1, 0, 0, 0, 0, 1, },
		{ 0.64117425680161, -0.76739531755447, 0, 0, 0.76739531755447, 0.64117425680161, 0, 0, 0, 0, 1, 0, 0, 0, 0, 1, },
		{ 0.6201833486557, -0.78445690870285, 0, 0, 0.78445690870285, 0.6201833486557, 0, 0, 0, 0, 1, 0, 0, 0, 0, 1, },
		{ 0.59873855113983, -0.80094450712204, 0, 0, 0.80094450712204, 0.59873855113983, 0, 0, 0, 0, 1, 0, 0, 0, 0, 1, },
		{ 0.57687360048294, -0.81683343648911, 0, 0, 0.81683343648911, 0.57687360048294, 0, 0, 0, 0, 1, 0, 0, 0, 0, 1, },
		{ 0.55462300777435, -0.83210170269012, 0, 0, 0.83210170269012, 0.55462300777435, 0, 0, 0, 0, 1, 0, 0, 0, 0, 1, },
		{ 0.53202366828918, -0.84672939777374, 0, 0, 0.84672939777374, 0.53202366828918, 0, 0, 0, 0, 1, 0, 0, 0, 0, 1, },
		{ 0.50911331176758, -0.86069947481155, 0, 0, 0.86069947481155, 0.50911331176758, 0, 0, 0, 0, 1, 0, 0, 0, 0, 1, },
		{ 0.4859307706356, -0.87399727106094, 0, 0, 0.87399727106094, 0.4859307706356, 0, 0, 0, 0, 1, 0, 0, 0, 0, 1, },
		{ 0.46251663565636, -0.88661062717438, 0, 0, 0.88661062717438, 0.46251663565636, 0, 0, 0, 0, 1, 0, 0, 0, 0, 1, },
		{ 0.43891105055809, -0.8985304236412, 0, 0, 0.8985304236412, 0.43891105055809, 0, 0, 0, 0, 1, 0, 0, 0, 0, 1, },
		{ 0.41515642404556, -0.90975004434586, 0, 0, 0.90975004434586, 0.41515642404556, 0, 0, 0, 0, 1, 0, 0, 0, 0, 1, },
		{ 0.39129438996315, -0.92026555538177, 0, 0, 0.92026555538177, 0.39129438996315, 0, 0, 0, 0, 1, 0, 0, 0, 0, 1, },
		{ 0.36736753582954, -0.93007582426071, 0, 0, 0.93007582426071, 0.36736753582954, 0, 0, 0, 0, 1, 0, 0, 0, 0, 1, },
		{ 0.34341868758202, -0.93918240070343, 0, 0, 0.93918240070343, 0.34341868758202, 0, 0, 0, 0, 1, 0, 0, 0, 0, 1, },
		{ 0.31949028372765, -0.94758951663971, 0, 0, 0.94758951663971, 0.31949028372765, 0, 0, 0, 0, 1, 0, 0, 0, 0, 1, },
		{ 0.29562568664551, -0.95530384778976, 0, 0, 0.95530384778976, 0.29562568664551, 0, 0, 0, 0, 1, 0, 0, 0, 0, 1, },
		{ 0.2718665599823, -0.9623349905014, 0, 0, 0.9623349905014, 0.2718665599823, 0, 0, 0, 0, 1, 0, 0, 0, 0, 1, },
		{ 0.24825459718704, -0.96869480609894, 0, 0, 0.96869480609894, 0.24825459718704, 0, 0, 0, 0, 1, 0, 0, 0, 0, 1, },
		{ 0.22483207285404, -0.97439754009247, 0, 0, 0.97439754009247, 0.22483207285404, 0, 0, 0, 0, 1, 0, 0, 0, 0, 1, },
		{ 0.2016389966011, -0.97945982217789, 0, 0, 0.97945982217789, 0.2016389966011, 0, 0, 0, 0, 1, 0, 0, 0, 0, 1, },
		{ 0.1787161976099, -0.98390066623688, 0, 0, 0.98390066623688, 0.1787161976099, 0, 0, 0, 0, 1, 0, 0, 0, 0, 1, },
		{ 0.15610185265541, -0.98774099349976, 0, 0, 0.98774099349976, 0.15610185265541, 0, 0, 0, 0, 1, 0, 0, 0, 0, 1, },
		{ 0.13383385539055, -0.99100375175476, 0, 0, 0.99100375175476, 0.13383385539055, 0, 0, 0, 0, 1, 0, 0, 0, 0, 1, },
		{ 0.11195062100887, -0.99371373653412, 0, 0, 0.99371373653412, 0.11195062100887, 0, 0, 0, 0, 1, 0, 0, 0, 0, 1, },
		{ 0.090486384928226, -0.99589771032333, 0, 0, 0.99589771032333, 0.090486384928226, 0, 0, 0, 0, 1, 0, 0, 0, 0, 1, },
		{ 0.069476991891861, -0.99758356809616, 0, 0, 0.99758356809616, 0.069476991891861, 0, 0, 0, 0, 1, 0, 0, 0, 0, 1, },
		{ 0.048955425620079, -0.9988009929657, 0, 0, 0.9988009929657, 0.048955425620079, 0, 0, 0, 0, 1, 0, 0, 0, 0, 1, },
		{ 0.028954368084669, -0.99958068132401, 0, 0, 0.99958068132401, 0.028954368084669, 0, 0, 0, 0, 1, 0, 0, 0, 0, 1, },
		{ 0.009504278190434, -0.99995481967926, 0, 0, 0.99995481967926, 0.009504278190434, 0, 0, 0, 0, 1, 0, 0, 0, 0, 1, },
		{ -0.0093651358038187, -0.99995613098145, 0, 0, 0.99995613098145, -0.0093651358038187, 0, 0, 0, 0, 1, 0, 0, 0, 0, 1, },
		{ -0.02762558311224, -0.99961829185486, 0, 0, 0.99961829185486, -0.02762558311224, 0, 0, 0, 0, 1, 0, 0, 0, 0, 1, },
		{ -0.045249495655298, -0.99897569417953, 0, 0, 0.99897569417953, -0.045249495655298, 0, 0, 0, 0, 1, 0, 0, 0, 0, 1, },
		{ -0.062211323529482, -0.99806302785873, 0, 0, 0.99806302785873, -0.062211323529482, 0, 0, 0, 0, 1, 0, 0, 0, 0, 1, },
		{ -0.078486442565918, -0.99691516160965, 0, 0, 0.99691516160965, -0.078486442565918, 0, 0, 0, 0, 1, 0, 0, 0, 0, 1, },
		{ -0.094051457941532, -0.9955672621727, 0, 0, 0.9955672621727, -0.094051457941532, 0, 0, 0, 0, 1, 0, 0, 0, 0, 1, },
		{ -0.10888301581144, -0.9940544962883, 0, 0, 0.9940544962883, -0.10888301581144, 0, 0, 0, 0, 1, 0, 0, 0, 0, 1, },
		{ -0.12296042591333, -0.99241155385971, 0, 0, 0.99241155385971, -0.12296042591333, 0, 0, 0, 0, 1, 0, 0, 0, 0, 1, },
		{ -0.13626256585121, -0.99067276716232, 0, 0, 0.99067276716232, -0.13626256585121, 0, 0, 0, 0, 1, 0, 0, 0, 0, 1, },
		{ -0.14876991510391, -0.98887181282043, 0, 0, 0.98887181282043, -0.14876991510391, 0, 0, 0, 0, 1, 0, 0, 0, 0, 1, },
		{ -0.16046312451363, -0.98704183101654, 0, 0, 0.98704183101654, -0.16046312451363, 0, 0, 0, 0, 1, 0, 0, 0, 0, 1, },
		{ -0.17132319509983, -0.98521482944489, 0, 0, 0.98521482944489, -0.17132319509983, 0, 0, 0, 0, 1, 0, 0, 0, 0, 1, },
		{ -0.18133267760277, -0.98342180252075, 0, 0, 0.98342180252075, -0.18133267760277, 0, 0, 0, 0, 1, 0, 0, 0, 0, 1, },
		{ -0.19047357141972, -0.98169231414795, 0, 0, 0.98169231414795, -0.19047357141972, 0, 0, 0, 0, 1, 0, 0, 0, 0, 1, },
		{ -0.19872851669788, -0.98005449771881, 0, 0, 0.98005449771881, -0.19872851669788, 0, 0, 0, 0, 1, 0, 0, 0, 0, 1, },
		{ -0.20608003437519, -0.97853511571884, 0, 0, 0.97853511571884, -0.20608003437519, 0, 0, 0, 0, 1, 0, 0, 0, 0, 1, },
		{ -0.21251064538956, -0.97715872526169, 0, 0, 0.97715872526169, -0.21251064538956, 0, 0, 0, 0, 1, 0, 0, 0, 0, 1, },
		{ -0.21800246834755, -0.97594821453094, 0, 0, 0.97594821453094, -0.21800246834755, 0, 0, 0, 0, 1, 0, 0, 0, 0, 1, },
		{ -0.22253787517548, -0.97492402791977, 0, 0, 0.97492402791977, -0.22253787517548, 0, 0, 0, 0, 1, 0, 0, 0, 0, 1, },
		{ -0.22609913349152, -0.97410428524017, 0, 0, 0.97410428524017, -0.22609913349152, 0, 0, 0, 0, 1, 0, 0, 0, 0, 1, },
		{ -0.23022226989269, -0.97313803434372, 0, 0, 0.97313803434372, -0.23022226989269, 0, 0, 0, 0, 1, 0, 0, 0, 0, 1, },
	},
}
end
