function data()
return {
	times = { 0, 41.667, 83.333, 125, 166.667, 208.333, 250, 291.667, 333.333, 375, 416.667, 458.333, 500, 541.667, 583.333, 625, 666.667, 708.333, 750, 791.667, 833.333, 875, 916.667, 958.333, 1000, 1041.667, 1083.333, 1125, 1166.667, 1208.333, 1250, 1291.667, 1333.333, 1375, 1416.667, 1458.333, 1500, 1541.667, 1583.333, 1625, 1666.667, 1708.333, 1750, 1791.667, 1833.333, 1875, 1916.667, 1958.333, 2000, 2041.667, 2083.333, 2125, 2166.667, 2208.333, 2250, 2291.667, 2333.333, 2375, 2416.667, 2458.333, 2500, 2541.667, 2583.333, 2625, 2666.667, 2708.333, 2750, 2791.667, 2833.333, 2875, 2916.667, 2958.333, 3000, 3041.667, 3083.333, 3125, 3166.667, 3208.333, 3250, 3291.667, 3333.333, 3375, 3416.667, 3458.333, 3500, 3541.667, 3583.333, 3625, 3666.667, 3708.333, 3750, 3791.667, 3833.333, 3875, 3916.667, 3958.333, 4000, 4041.667, 4125, },
	transfs = {
		{ 1, 0, 0, 0, 0, 1, 0, 0, 0, 0, 1, 0, 0, 0, 0, 1, },
		{ 0.99999988079071, -0.00052855932153761, 0, 0, 0.00052855932153761, 0.99999988079071, 0, 0, 0, 0, 1, 0, 0, 0, 0, 1, },
		{ 0.9999977350235, -0.002100046724081, 0, 0, 0.002100046724081, 0.9999977350235, 0, 0, 0, 0, 1, 0, 0, 0, 0, 1, },
		{ 0.99998897314072, -0.004693164024502, 0, 0, 0.004693164024502, 0.99998897314072, 0, 0, 0, 0, 1, 0, 0, 0, 0, 1, },
		{ 0.99996560811996, -0.0082865804433823, 0, 0, 0.0082865804433823, 0.99996560811996, 0, 0, 0, 0, 1, 0, 0, 0, 0, 1, },
		{ 0.99991726875305, -0.012858892790973, 0, 0, 0.012858892790973, 0.99991726875305, 0, 0, 0, 0, 1, 0, 0, 0, 0, 1, },
		{ 0.99983084201813, -0.018388574942946, 0, 0, 0.018388574942946, 0.99983084201813, 0, 0, 0, 0, 1, 0, 0, 0, 0, 1, },
		{ 0.99969106912613, -0.024853926151991, 0, 0, 0.024853926151991, 0.99969106912613, 0, 0, 0, 0, 1, 0, 0, 0, 0, 1, },
		{ 0.9994803071022, -0.032232992351055, 0, 0, 0.032232992351055, 0.9994803071022, 0, 0, 0, 0, 1, 0, 0, 0, 0, 1, },
		{ 0.99917936325073, -0.040503516793251, 0, 0, 0.040503516793251, 0.99917936325073, 0, 0, 0, 0, 1, 0, 0, 0, 0, 1, },
		{ 0.99876701831818, -0.049642890691757, 0, 0, 0.049642890691757, 0.99876701831818, 0, 0, 0, 0, 1, 0, 0, 0, 0, 1, },
		{ 0.99822068214417, -0.05962797254324, 0, 0, 0.05962797254324, 0.99822068214417, 0, 0, 0, 0, 1, 0, 0, 0, 0, 1, },
		{ 0.99751633405685, -0.070435136556625, 0, 0, 0.070435136556625, 0.99751633405685, 0, 0, 0, 0, 1, 0, 0, 0, 0, 1, },
		{ 0.99662894010544, -0.082040138542652, 0, 0, 0.082040138542652, 0.99662894010544, 0, 0, 0, 0, 1, 0, 0, 0, 0, 1, },
		{ 0.99553263187408, -0.094418056309223, 0, 0, 0.094418056309223, 0.99553263187408, 0, 0, 0, 0, 1, 0, 0, 0, 0, 1, },
		{ 0.99420034885406, -0.1075432524085, 0, 0, 0.1075432524085, 0.99420034885406, 0, 0, 0, 0, 1, 0, 0, 0, 0, 1, },
		{ 0.99260491132736, -0.12138918787241, 0, 0, 0.12138918787241, 0.99260491132736, 0, 0, 0, 0, 1, 0, 0, 0, 0, 1, },
		{ 0.99071860313416, -0.13592846691608, 0, 0, 0.13592846691608, 0.99071860313416, 0, 0, 0, 0, 1, 0, 0, 0, 0, 1, },
		{ 0.9885134100914, -0.15113292634487, 0, 0, 0.15113292634487, 0.9885134100914, 0, 0, 0, 0, 1, 0, 0, 0, 0, 1, },
		{ 0.98596143722534, -0.16697332262993, 0, 0, 0.16697332262993, 0.98596143722534, 0, 0, 0, 0, 1, 0, 0, 0, 0, 1, },
		{ 0.98303472995758, -0.18341931700706, 0, 0, 0.18341931700706, 0.98303472995758, 0, 0, 0, 0, 1, 0, 0, 0, 0, 1, },
		{ 0.97970598936081, -0.20043978095055, 0, 0, 0.20043978095055, 0.97970598936081, 0, 0, 0, 0, 1, 0, 0, 0, 0, 1, },
		{ 0.97594821453094, -0.21800237894058, 0, 0, 0.21800237894058, 0.97594821453094, 0, 0, 0, 0, 1, 0, 0, 0, 0, 1, },
		{ 0.971735060215, -0.2360738068819, 0, 0, 0.2360738068819, 0.971735060215, 0, 0, 0, 0, 1, 0, 0, 0, 0, 1, },
		{ 0.96704119443893, -0.25461977720261, 0, 0, 0.25461977720261, 0.96704119443893, 0, 0, 0, 0, 1, 0, 0, 0, 0, 1, },
		{ 0.9618421792984, -0.27360492944717, 0, 0, 0.27360492944717, 0.9618421792984, 0, 0, 0, 0, 1, 0, 0, 0, 0, 1, },
		{ 0.95611464977264, -0.29299274086952, 0, 0, 0.29299274086952, 0.95611464977264, 0, 0, 0, 0, 1, 0, 0, 0, 0, 1, },
		{ 0.94983679056168, -0.31274604797363, 0, 0, 0.31274604797363, 0.94983679056168, 0, 0, 0, 0, 1, 0, 0, 0, 0, 1, },
		{ 0.94298791885376, -0.33282673358917, 0, 0, 0.33282673358917, 0.94298791885376, 0, 0, 0, 0, 1, 0, 0, 0, 0, 1, },
		{ 0.93554937839508, -0.35319575667381, 0, 0, 0.35319575667381, 0.93554937839508, 0, 0, 0, 0, 1, 0, 0, 0, 0, 1, },
		{ 0.9275039434433, -0.37381318211555, 0, 0, 0.37381318211555, 0.9275039434433, 0, 0, 0, 0, 1, 0, 0, 0, 0, 1, },
		{ 0.91883635520935, -0.39463871717453, 0, 0, 0.39463871717453, 0.91883635520935, 0, 0, 0, 0, 1, 0, 0, 0, 0, 1, },
		{ 0.90953314304352, -0.41563138365746, 0, 0, 0.41563138365746, 0.90953314304352, 0, 0, 0, 0, 1, 0, 0, 0, 0, 1, },
		{ 0.89958322048187, -0.43674936890602, 0, 0, 0.43674936890602, 0.89958322048187, 0, 0, 0, 0, 1, 0, 0, 0, 0, 1, },
		{ 0.88897728919983, -0.45795124769211, 0, 0, 0.45795124769211, 0.88897728919983, 0, 0, 0, 0, 1, 0, 0, 0, 0, 1, },
		{ 0.87770867347717, -0.47919461131096, 0, 0, 0.47919461131096, 0.87770867347717, 0, 0, 0, 0, 1, 0, 0, 0, 0, 1, },
		{ 0.86577272415161, -0.50043731927872, 0, 0, 0.50043731927872, 0.86577272415161, 0, 0, 0, 0, 1, 0, 0, 0, 0, 1, },
		{ 0.85316747426987, -0.52163714170456, 0, 0, 0.52163714170456, 0.85316747426987, 0, 0, 0, 0, 1, 0, 0, 0, 0, 1, },
		{ 0.83989286422729, -0.54275214672089, 0, 0, 0.54275214672089, 0.83989286422729, 0, 0, 0, 0, 1, 0, 0, 0, 0, 1, },
		{ 0.82595211267471, -0.56374031305313, 0, 0, 0.56374031305313, 0.82595211267471, 0, 0, 0, 0, 1, 0, 0, 0, 0, 1, },
		{ 0.81135004758835, -0.58456063270569, 0, 0, 0.58456063270569, 0.81135004758835, 0, 0, 0, 0, 1, 0, 0, 0, 0, 1, },
		{ 0.79609435796738, -0.60517251491547, 0, 0, 0.60517251491547, 0.79609435796738, 0, 0, 0, 0, 1, 0, 0, 0, 0, 1, },
		{ 0.78019553422928, -0.62553572654724, 0, 0, 0.62553572654724, 0.78019553422928, 0, 0, 0, 0, 1, 0, 0, 0, 0, 1, },
		{ 0.76366585493088, -0.6456116437912, 0, 0, 0.6456116437912, 0.76366585493088, 0, 0, 0, 0, 1, 0, 0, 0, 0, 1, },
		{ 0.74652081727982, -0.66536206007004, 0, 0, 0.66536206007004, 0.74652081727982, 0, 0, 0, 0, 1, 0, 0, 0, 0, 1, },
		{ 0.72877752780914, -0.6847505569458, 0, 0, 0.6847505569458, 0.72877752780914, 0, 0, 0, 0, 1, 0, 0, 0, 0, 1, },
		{ 0.71045613288879, -0.70374149084091, 0, 0, 0.70374149084091, 0.71045613288879, 0, 0, 0, 0, 1, 0, 0, 0, 0, 1, },
		{ 0.69157832860947, -0.7223014831543, 0, 0, 0.7223014831543, 0.69157832860947, 0, 0, 0, 0, 1, 0, 0, 0, 0, 1, },
		{ 0.67216873168945, -0.74039793014526, 0, 0, 0.74039793014526, 0.67216873168945, 0, 0, 0, 0, 1, 0, 0, 0, 0, 1, },
		{ 0.65225344896317, -0.75800091028214, 0, 0, 0.75800091028214, 0.65225344896317, 0, 0, 0, 0, 1, 0, 0, 0, 0, 1, },
		{ 0.63186085224152, -0.77508187294006, 0, 0, 0.77508187294006, 0.63186085224152, 0, 0, 0, 0, 1, 0, 0, 0, 0, 1, },
		{ 0.61102122068405, -0.79161423444748, 0, 0, 0.79161423444748, 0.61102122068405, 0, 0, 0, 0, 1, 0, 0, 0, 0, 1, },
		{ 0.5897661447525, -0.80757409334183, 0, 0, 0.80757409334183, 0.5897661447525, 0, 0, 0, 0, 1, 0, 0, 0, 0, 1, },
		{ 0.56812995672226, -0.82293885946274, 0, 0, 0.82293885946274, 0.56812995672226, 0, 0, 0, 0, 1, 0, 0, 0, 0, 1, },
		{ 0.54614681005478, -0.83768945932388, 0, 0, 0.83768945932388, 0.54614681005478, 0, 0, 0, 0, 1, 0, 0, 0, 0, 1, },
		{ 0.5238533616066, -0.85180848836899, 0, 0, 0.85180848836899, 0.5238533616066, 0, 0, 0, 0, 1, 0, 0, 0, 0, 1, },
		{ 0.50128746032715, -0.86528080701828, 0, 0, 0.86528080701828, 0.50128746032715, 0, 0, 0, 0, 1, 0, 0, 0, 0, 1, },
		{ 0.47848731279373, -0.87809443473816, 0, 0, 0.87809443473816, 0.47848731279373, 0, 0, 0, 0, 1, 0, 0, 0, 0, 1, },
		{ 0.45549258589745, -0.89023953676224, 0, 0, 0.89023953676224, 0.45549258589745, 0, 0, 0, 0, 1, 0, 0, 0, 0, 1, },
		{ 0.43234303593636, -0.90170919895172, 0, 0, 0.90170919895172, 0.43234303593636, 0, 0, 0, 0, 1, 0, 0, 0, 0, 1, },
		{ 0.40908014774323, -0.91249847412109, 0, 0, 0.91249847412109, 0.40908014774323, 0, 0, 0, 0, 1, 0, 0, 0, 0, 1, },
		{ 0.3857444524765, -0.9226056933403, 0, 0, 0.9226056933403, 0.3857444524765, 0, 0, 0, 0, 1, 0, 0, 0, 0, 1, },
		{ 0.36237785220146, -0.93203121423721, 0, 0, 0.93203121423721, 0.36237785220146, 0, 0, 0, 0, 1, 0, 0, 0, 0, 1, },
		{ 0.3390209376812, -0.9407787322998, 0, 0, 0.9407787322998, 0.3390209376812, 0, 0, 0, 0, 1, 0, 0, 0, 0, 1, },
		{ 0.31571573019028, -0.94885379076004, 0, 0, 0.94885379076004, 0.31571573019028, 0, 0, 0, 0, 1, 0, 0, 0, 0, 1, },
		{ 0.2925038933754, -0.95626431703568, 0, 0, 0.95626431703568, 0.2925038933754, 0, 0, 0, 0, 1, 0, 0, 0, 0, 1, },
		{ 0.26942521333694, -0.96302133798599, 0, 0, 0.96302133798599, 0.26942521333694, 0, 0, 0, 0, 1, 0, 0, 0, 0, 1, },
		{ 0.24652148783207, -0.96913725137711, 0, 0, 0.96913725137711, 0.24652148783207, 0, 0, 0, 0, 1, 0, 0, 0, 0, 1, },
		{ 0.22383145987988, -0.97462785243988, 0, 0, 0.97462785243988, 0.22383145987988, 0, 0, 0, 0, 1, 0, 0, 0, 0, 1, },
		{ 0.20139497518539, -0.97951012849808, 0, 0, 0.97951012849808, 0.20139497518539, 0, 0, 0, 0, 1, 0, 0, 0, 0, 1, },
		{ 0.17924979329109, -0.98380351066589, 0, 0, 0.98380351066589, 0.17924979329109, 0, 0, 0, 0, 1, 0, 0, 0, 0, 1, },
		{ 0.15743431448936, -0.98752945661545, 0, 0, 0.98752945661545, 0.15743431448936, 0, 0, 0, 0, 1, 0, 0, 0, 0, 1, },
		{ 0.13598422706127, -0.99071097373962, 0, 0, 0.99071097373962, 0.13598422706127, 0, 0, 0, 0, 1, 0, 0, 0, 0, 1, },
		{ 0.11493540555239, -0.99337297677994, 0, 0, 0.99337297677994, 0.11493540555239, 0, 0, 0, 0, 1, 0, 0, 0, 0, 1, },
		{ 0.094322301447392, -0.99554163217545, 0, 0, 0.99554163217545, 0.094322301447392, 0, 0, 0, 0, 1, 0, 0, 0, 0, 1, },
		{ 0.074177406728268, -0.99724501371384, 0, 0, 0.99724501371384, 0.074177406728268, 0, 0, 0, 0, 1, 0, 0, 0, 0, 1, },
		{ 0.054534710943699, -0.99851179122925, 0, 0, 0.99851179122925, 0.054534710943699, 0, 0, 0, 0, 1, 0, 0, 0, 0, 1, },
		{ 0.035423282533884, -0.99937236309052, 0, 0, 0.99937236309052, 0.035423282533884, 0, 0, 0, 0, 1, 0, 0, 0, 0, 1, },
		{ 0.016873519867659, -0.99985760450363, 0, 0, 0.99985760450363, 0.016873519867659, 0, 0, 0, 0, 1, 0, 0, 0, 0, 1, },
		{ -0.0010857705492526, -0.99999940395355, 0, 0, 0.99999940395355, -0.0010857705492526, 0, 0, 0, 0, 1, 0, 0, 0, 0, 1, },
		{ -0.018428295850754, -0.99983018636703, 0, 0, 0.99983018636703, -0.018428295850754, 0, 0, 0, 0, 1, 0, 0, 0, 0, 1, },
		{ -0.035126391798258, -0.99938279390335, 0, 0, 0.99938279390335, -0.035126391798258, 0, 0, 0, 0, 1, 0, 0, 0, 0, 1, },
		{ -0.051156029105186, -0.99869060516357, 0, 0, 0.99869060516357, -0.051156029105186, 0, 0, 0, 0, 1, 0, 0, 0, 0, 1, },
		{ -0.066493183374405, -0.99778687953949, 0, 0, 0.99778687953949, -0.066493183374405, 0, 0, 0, 0, 1, 0, 0, 0, 0, 1, },
		{ -0.081114299595356, -0.99670475721359, 0, 0, 0.99670475721359, -0.081114299595356, 0, 0, 0, 0, 1, 0, 0, 0, 0, 1, },
		{ -0.094997562468052, -0.99547749757767, 0, 0, 0.99547749757767, -0.094997562468052, 0, 0, 0, 0, 1, 0, 0, 0, 0, 1, },
		{ -0.10812187939882, -0.99413758516312, 0, 0, 0.99413758516312, -0.10812187939882, 0, 0, 0, 0, 1, 0, 0, 0, 0, 1, },
		{ -0.12046720087528, -0.99271732568741, 0, 0, 0.99271732568741, -0.12046720087528, 0, 0, 0, 0, 1, 0, 0, 0, 0, 1, },
		{ -0.13201297819614, -0.99124795198441, 0, 0, 0.99124795198441, -0.13201297819614, 0, 0, 0, 0, 1, 0, 0, 0, 0, 1, },
		{ -0.14274051785469, -0.98976016044617, 0, 0, 0.98976016044617, -0.14274051785469, 0, 0, 0, 0, 1, 0, 0, 0, 0, 1, },
		{ -0.15263070166111, -0.98828327655792, 0, 0, 0.98828327655792, -0.15263070166111, 0, 0, 0, 0, 1, 0, 0, 0, 0, 1, },
		{ -0.16166536509991, -0.98684561252594, 0, 0, 0.98684561252594, -0.16166536509991, 0, 0, 0, 0, 1, 0, 0, 0, 0, 1, },
		{ -0.16982731223106, -0.98547375202179, 0, 0, 0.98547375202179, -0.16982731223106, 0, 0, 0, 0, 1, 0, 0, 0, 0, 1, },
		{ -0.17709727585316, -0.98419326543808, 0, 0, 0.98419326543808, -0.17709727585316, 0, 0, 0, 0, 1, 0, 0, 0, 0, 1, },
		{ -0.18345852196217, -0.98302745819092, 0, 0, 0.98302745819092, -0.18345852196217, 0, 0, 0, 0, 1, 0, 0, 0, 0, 1, },
		{ -0.18889161944389, -0.98199796676636, 0, 0, 0.98199796676636, -0.18889161944389, 0, 0, 0, 0, 1, 0, 0, 0, 0, 1, },
		{ -0.19338035583496, -0.98112386465073, 0, 0, 0.98112386465073, -0.19338035583496, 0, 0, 0, 0, 1, 0, 0, 0, 0, 1, },
		{ -0.19690452516079, -0.98042261600494, 0, 0, 0.98042261600494, -0.19690452516079, 0, 0, 0, 0, 1, 0, 0, 0, 0, 1, },
		{ -0.20098593831062, -0.97959405183792, 0, 0, 0.97959405183792, -0.20098593831062, 0, 0, 0, 0, 1, 0, 0, 0, 0, 1, },
	},
}
end
