function data()
return {
	times = { 0, 41.667, 83.333, 125, 166.667, 208.333, 250, 291.667, 333.333, 375, 416.667, 458.333, 500, 541.667, 583.333, 625, 666.667, 708.333, 750, 791.667, 833.333, 875, 916.667, 958.333, 1000, 1041.667, 1083.333, 1125, 1166.667, 1208.333, 1250, 1291.667, 1333.333, 1375, 1416.667, 1458.333, 1500, 1541.667, 1583.333, 1625, 1666.667, 1708.333, 1750, 1791.667, 1833.333, 1875, 1916.667, 1958.333, 2000, 2041.667, 2083.333, 2125, 2166.667, 2208.333, 2250, 2291.667, 2333.333, 2375, 2416.667, 2458.333, 2500, 2541.667, 2583.333, 2625, 2666.667, 2708.333, 2750, 2791.667, 2833.333, 2875, 2916.667, 2958.333, 3000, 3041.667, 3083.333, 3125, 3166.667, 3208.333, 3250, 3291.667, 3333.333, 3375, 3416.667, 3458.333, 3500, 3541.667, 3583.333, 3625, 3666.667, 3708.333, 3750, 3791.667, 3833.333, 3875, 3916.667, 3958.333, 4000, 4041.667, 4125, },
	transfs = {
		{ 1, 0, 0, 0, 0, 1, 0, 0, 0, 0, 1, 0, 0, 0, 0, 1, },
		{ 0.99999988079071, 0.00051937729585916, 0, 0, -0.00051937729585916, 0.99999988079071, 0, 0, 0, 0, 1, 0, 0, 0, 0, 1, },
		{ 0.99999785423279, 0.0020635649561882, 0, 0, -0.0020635649561882, 0.99999785423279, 0, 0, 0, 0, 1, 0, 0, 0, 0, 1, },
		{ 0.99998939037323, 0.0046116355806589, 0, 0, -0.0046116355806589, 0.99998939037323, 0, 0, 0, 0, 1, 0, 0, 0, 0, 1, },
		{ 0.99996680021286, 0.008142632432282, 0, 0, -0.008142632432282, 0.99996680021286, 0, 0, 0, 0, 1, 0, 0, 0, 0, 1, },
		{ 0.99992018938065, 0.012635522522032, 0, 0, -0.012635522522032, 0.99992018938065, 0, 0, 0, 0, 1, 0, 0, 0, 0, 1, },
		{ 0.99983674287796, 0.018069166690111, 0, 0, -0.018069166690111, 0.99983674287796, 0, 0, 0, 0, 1, 0, 0, 0, 0, 1, },
		{ 0.9997016787529, 0.024422252550721, 0, 0, -0.024422252550721, 0.9997016787529, 0, 0, 0, 0, 1, 0, 0, 0, 0, 1, },
		{ 0.99949818849564, 0.031673237681389, 0, 0, -0.031673237681389, 0.99949818849564, 0, 0, 0, 0, 1, 0, 0, 0, 0, 1, },
		{ 0.99920761585236, 0.039800275117159, 0, 0, -0.039800275117159, 0.99920761585236, 0, 0, 0, 0, 1, 0, 0, 0, 0, 1, },
		{ 0.99880945682526, 0.04878119379282, 0, 0, -0.04878119379282, 0.99880945682526, 0, 0, 0, 0, 1, 0, 0, 0, 0, 1, },
		{ 0.99828195571899, 0.058593321591616, 0, 0, -0.058593321591616, 0.99828195571899, 0, 0, 0, 0, 1, 0, 0, 0, 0, 1, },
		{ 0.99760180711746, 0.069213524460793, 0, 0, -0.069213524460793, 0.99760180711746, 0, 0, 0, 0, 1, 0, 0, 0, 0, 1, },
		{ 0.99674499034882, 0.08061808347702, 0, 0, -0.08061808347702, 0.99674499034882, 0, 0, 0, 0, 1, 0, 0, 0, 0, 1, },
		{ 0.99568635225296, 0.092782616615295, 0, 0, -0.092782616615295, 0.99568635225296, 0, 0, 0, 0, 1, 0, 0, 0, 0, 1, },
		{ 0.99439990520477, 0.10568205267191, 0, 0, -0.10568205267191, 0.99439990520477, 0, 0, 0, 0, 1, 0, 0, 0, 0, 1, },
		{ 0.99285936355591, 0.11929056048393, 0, 0, -0.11929056048393, 0.99285936355591, 0, 0, 0, 0, 1, 0, 0, 0, 0, 1, },
		{ 0.99103784561157, 0.1335813999176, 0, 0, -0.1335813999176, 0.99103784561157, 0, 0, 0, 0, 1, 0, 0, 0, 0, 1, },
		{ 0.98890829086304, 0.1485271602869, 0, 0, -0.1485271602869, 0.98890829086304, 0, 0, 0, 0, 1, 0, 0, 0, 0, 1, },
		{ 0.98644381761551, 0.1640992462635, 0, 0, -0.1640992462635, 0.98644381761551, 0, 0, 0, 0, 1, 0, 0, 0, 0, 1, },
		{ 0.9836174249649, 0.18026828765869, 0, 0, -0.18026828765869, 0.9836174249649, 0, 0, 0, 0, 1, 0, 0, 0, 0, 1, },
		{ 0.98040270805359, 0.19700394570827, 0, 0, -0.19700394570827, 0.98040270805359, 0, 0, 0, 0, 1, 0, 0, 0, 0, 1, },
		{ 0.97677338123322, 0.21427489817142, 0, 0, -0.21427489817142, 0.97677338123322, 0, 0, 0, 0, 1, 0, 0, 0, 0, 1, },
		{ 0.97270411252975, 0.23204873502254, 0, 0, -0.23204873502254, 0.97270411252975, 0, 0, 0, 0, 1, 0, 0, 0, 0, 1, },
		{ 0.96817034482956, 0.25029224157333, 0, 0, -0.25029224157333, 0.96817034482956, 0, 0, 0, 0, 1, 0, 0, 0, 0, 1, },
		{ 0.96314829587936, 0.26897099614143, 0, 0, -0.26897099614143, 0.96314829587936, 0, 0, 0, 0, 1, 0, 0, 0, 0, 1, },
		{ 0.9576153755188, 0.28804987668991, 0, 0, -0.28804987668991, 0.9576153755188, 0, 0, 0, 0, 1, 0, 0, 0, 0, 1, },
		{ 0.95155042409897, 0.30749279260635, 0, 0, -0.30749279260635, 0.95155042409897, 0, 0, 0, 0, 1, 0, 0, 0, 0, 1, },
		{ 0.94493329524994, 0.32726275920868, 0, 0, -0.32726275920868, 0.94493329524994, 0, 0, 0, 0, 1, 0, 0, 0, 0, 1, },
		{ 0.93774592876434, 0.34732195734978, 0, 0, -0.34732195734978, 0.93774592876434, 0, 0, 0, 0, 1, 0, 0, 0, 0, 1, },
		{ 0.92997133731842, 0.36763203144073, 0, 0, -0.36763203144073, 0.92997133731842, 0, 0, 0, 0, 1, 0, 0, 0, 0, 1, },
		{ 0.92159461975098, 0.388153642416, 0, 0, -0.388153642416, 0.92159461975098, 0, 0, 0, 0, 1, 0, 0, 0, 0, 1, },
		{ 0.91260278224945, 0.40884739160538, 0, 0, -0.40884739160538, 0.91260278224945, 0, 0, 0, 0, 1, 0, 0, 0, 0, 1, },
		{ 0.90298467874527, 0.42967274785042, 0, 0, -0.42967274785042, 0.90298467874527, 0, 0, 0, 0, 1, 0, 0, 0, 0, 1, },
		{ 0.89273124933243, 0.45058950781822, 0, 0, -0.45058950781822, 0.89273124933243, 0, 0, 0, 0, 1, 0, 0, 0, 0, 1, },
		{ 0.88183563947678, 0.47155684232712, 0, 0, -0.47155684232712, 0.88183563947678, 0, 0, 0, 0, 1, 0, 0, 0, 0, 1, },
		{ 0.87029308080673, 0.49253422021866, 0, 0, -0.49253422021866, 0.87029308080673, 0, 0, 0, 0, 1, 0, 0, 0, 0, 1, },
		{ 0.85810136795044, 0.51348036527634, 0, 0, -0.51348036527634, 0.85810136795044, 0, 0, 0, 0, 1, 0, 0, 0, 0, 1, },
		{ 0.84526044130325, 0.53435444831848, 0, 0, -0.53435444831848, 0.84526044130325, 0, 0, 0, 0, 1, 0, 0, 0, 0, 1, },
		{ 0.83177250623703, 0.55511665344238, 0, 0, -0.55511665344238, 0.83177250623703, 0, 0, 0, 0, 1, 0, 0, 0, 0, 1, },
		{ 0.81764215230942, 0.57572668790817, 0, 0, -0.57572668790817, 0.81764215230942, 0, 0, 0, 0, 1, 0, 0, 0, 0, 1, },
		{ 0.80287671089172, 0.59614509344101, 0, 0, -0.59614509344101, 0.80287671089172, 0, 0, 0, 0, 1, 0, 0, 0, 0, 1, },
		{ 0.78748548030853, 0.61633312702179, 0, 0, -0.61633312702179, 0.78748548030853, 0, 0, 0, 0, 1, 0, 0, 0, 0, 1, },
		{ 0.77148026227951, 0.63625329732895, 0, 0, -0.63625329732895, 0.77148026227951, 0, 0, 0, 0, 1, 0, 0, 0, 0, 1, },
		{ 0.75487524271011, 0.6558683514595, 0, 0, -0.6558683514595, 0.75487524271011, 0, 0, 0, 0, 1, 0, 0, 0, 0, 1, },
		{ 0.73768699169159, 0.67514276504517, 0, 0, -0.67514276504517, 0.73768699169159, 0, 0, 0, 0, 1, 0, 0, 0, 0, 1, },
		{ 0.71993416547775, 0.69404232501984, 0, 0, -0.69404232501984, 0.71993416547775, 0, 0, 0, 0, 1, 0, 0, 0, 0, 1, },
		{ 0.70163768529892, 0.71253383159637, 0, 0, -0.71253383159637, 0.70163768529892, 0, 0, 0, 0, 1, 0, 0, 0, 0, 1, },
		{ 0.68282055854797, 0.73058611154556, 0, 0, -0.73058611154556, 0.68282055854797, 0, 0, 0, 0, 1, 0, 0, 0, 0, 1, },
		{ 0.66350781917572, 0.74816930294037, 0, 0, -0.74816930294037, 0.66350781917572, 0, 0, 0, 0, 1, 0, 0, 0, 0, 1, },
		{ 0.6437264084816, 0.76525574922562, 0, 0, -0.76525574922562, 0.6437264084816, 0, 0, 0, 0, 1, 0, 0, 0, 0, 1, },
		{ 0.62350541353226, 0.78181904554367, 0, 0, -0.78181904554367, 0.62350541353226, 0, 0, 0, 0, 1, 0, 0, 0, 0, 1, },
		{ 0.60287475585938, 0.79783582687378, 0, 0, -0.79783582687378, 0.60287475585938, 0, 0, 0, 0, 1, 0, 0, 0, 0, 1, },
		{ 0.58186715841293, 0.81328386068344, 0, 0, -0.81328386068344, 0.58186715841293, 0, 0, 0, 0, 1, 0, 0, 0, 0, 1, },
		{ 0.56051582098007, 0.82814365625381, 0, 0, -0.82814365625381, 0.56051582098007, 0, 0, 0, 0, 1, 0, 0, 0, 0, 1, },
		{ 0.53885537385941, 0.84239828586578, 0, 0, -0.84239828586578, 0.53885537385941, 0, 0, 0, 0, 1, 0, 0, 0, 0, 1, },
		{ 0.51692241430283, 0.85603225231171, 0, 0, -0.85603225231171, 0.51692241430283, 0, 0, 0, 0, 1, 0, 0, 0, 0, 1, },
		{ 0.49475389719009, 0.86903309822083, 0, 0, -0.86903309822083, 0.49475389719009, 0, 0, 0, 0, 1, 0, 0, 0, 0, 1, },
		{ 0.4723873436451, 0.8813910484314, 0, 0, -0.8813910484314, 0.4723873436451, 0, 0, 0, 0, 1, 0, 0, 0, 0, 1, },
		{ 0.44986191391945, 0.89309811592102, 0, 0, -0.89309811592102, 0.44986191391945, 0, 0, 0, 0, 1, 0, 0, 0, 0, 1, },
		{ 0.42721664905548, 0.90414929389954, 0, 0, -0.90414929389954, 0.42721664905548, 0, 0, 0, 0, 1, 0, 0, 0, 0, 1, },
		{ 0.40449142456055, 0.91454172134399, 0, 0, -0.91454172134399, 0.40449142456055, 0, 0, 0, 0, 1, 0, 0, 0, 0, 1, },
		{ 0.38172635436058, 0.92427533864975, 0, 0, -0.92427533864975, 0.38172635436058, 0, 0, 0, 0, 1, 0, 0, 0, 0, 1, },
		{ 0.35896146297455, 0.93335229158401, 0, 0, -0.93335229158401, 0.35896146297455, 0, 0, 0, 0, 1, 0, 0, 0, 0, 1, },
		{ 0.33623746037483, 0.94177722930908, 0, 0, -0.94177722930908, 0.33623746037483, 0, 0, 0, 0, 1, 0, 0, 0, 0, 1, },
		{ 0.31359335780144, 0.94955730438232, 0, 0, -0.94955730438232, 0.31359335780144, 0, 0, 0, 0, 1, 0, 0, 0, 0, 1, },
		{ 0.29106989502907, 0.95670175552368, 0, 0, -0.95670175552368, 0.29106989502907, 0, 0, 0, 0, 1, 0, 0, 0, 0, 1, },
		{ 0.26870638132095, 0.96322214603424, 0, 0, -0.96322214603424, 0.26870638132095, 0, 0, 0, 0, 1, 0, 0, 0, 0, 1, },
		{ 0.24654173851013, 0.96913212537766, 0, 0, -0.96913212537766, 0.24654173851013, 0, 0, 0, 0, 1, 0, 0, 0, 0, 1, },
		{ 0.22461396455765, 0.97444784641266, 0, 0, -0.97444784641266, 0.22461396455765, 0, 0, 0, 0, 1, 0, 0, 0, 0, 1, },
		{ 0.20296092331409, 0.97918677330017, 0, 0, -0.97918677330017, 0.20296092331409, 0, 0, 0, 0, 1, 0, 0, 0, 0, 1, },
		{ 0.18161958456039, 0.98336887359619, 0, 0, -0.98336887359619, 0.18161958456039, 0, 0, 0, 0, 1, 0, 0, 0, 0, 1, },
		{ 0.16062624752522, 0.98701530694962, 0, 0, -0.98701530694962, 0.16062624752522, 0, 0, 0, 0, 1, 0, 0, 0, 0, 1, },
		{ 0.1400151103735, 0.99014937877655, 0, 0, -0.99014937877655, 0.1400151103735, 0, 0, 0, 0, 1, 0, 0, 0, 0, 1, },
		{ 0.11982091516256, 0.99279552698135, 0, 0, -0.99279552698135, 0.11982091516256, 0, 0, 0, 0, 1, 0, 0, 0, 0, 1, },
		{ 0.10007624328136, 0.99497979879379, 0, 0, -0.99497979879379, 0.10007624328136, 0, 0, 0, 0, 1, 0, 0, 0, 0, 1, },
		{ 0.08081328868866, 0.9967292547226, 0, 0, -0.9967292547226, 0.08081328868866, 0, 0, 0, 0, 1, 0, 0, 0, 0, 1, },
		{ 0.06206313893199, 0.99807214736938, 0, 0, -0.99807214736938, 0.06206313893199, 0, 0, 0, 0, 1, 0, 0, 0, 0, 1, },
		{ 0.043854851275682, 0.99903792142868, 0, 0, -0.99903792142868, 0.043854851275682, 0, 0, 0, 0, 1, 0, 0, 0, 0, 1, },
		{ 0.026217414066195, 0.99965620040894, 0, 0, -0.99965620040894, 0.026217414066195, 0, 0, 0, 0, 1, 0, 0, 0, 0, 1, },
		{ 0.0091783218085766, 0.99995785951614, 0, 0, -0.99995785951614, 0.0091783218085766, 0, 0, 0, 0, 1, 0, 0, 0, 0, 1, },
		{ -0.0072354786098003, 0.99997383356094, 0, 0, -0.99997383356094, -0.0072354786098003, 0, 0, 0, 0, 1, 0, 0, 0, 0, 1, },
		{ -0.022999826818705, 0.99973547458649, 0, 0, -0.99973547458649, -0.022999826818705, 0, 0, 0, 0, 1, 0, 0, 0, 0, 1, },
		{ -0.03808930143714, 0.99927431344986, 0, 0, -0.99927431344986, -0.03808930143714, 0, 0, 0, 0, 1, 0, 0, 0, 0, 1, },
		{ -0.052480764687061, 0.99862188100815, 0, 0, -0.99862188100815, -0.052480764687061, 0, 0, 0, 0, 1, 0, 0, 0, 0, 1, },
		{ -0.06615224480629, 0.9978095293045, 0, 0, -0.9978095293045, -0.06615224480629, 0, 0, 0, 0, 1, 0, 0, 0, 0, 1, },
		{ -0.079081535339355, 0.99686813354492, 0, 0, -0.99686813354492, -0.079081535339355, 0, 0, 0, 0, 1, 0, 0, 0, 0, 1, },
		{ -0.09124768525362, 0.99582821130753, 0, 0, -0.99582821130753, -0.09124768525362, 0, 0, 0, 0, 1, 0, 0, 0, 0, 1, },
		{ -0.10263057053089, 0.9947195649147, 0, 0, -0.9947195649147, -0.10263057053089, 0, 0, 0, 0, 1, 0, 0, 0, 0, 1, },
		{ -0.11321049183607, 0.99357104301453, 0, 0, -0.99357104301453, -0.11321049183607, 0, 0, 0, 0, 1, 0, 0, 0, 0, 1, },
		{ -0.12296795845032, 0.99241065979004, 0, 0, -0.99241065979004, -0.12296795845032, 0, 0, 0, 0, 1, 0, 0, 0, 0, 1, },
		{ -0.1318843960762, 0.9912651181221, 0, 0, -0.9912651181221, -0.1318843960762, 0, 0, 0, 0, 1, 0, 0, 0, 0, 1, },
		{ -0.13994129002094, 0.99015980958939, 0, 0, -0.99015980958939, -0.13994129002094, 0, 0, 0, 0, 1, 0, 0, 0, 0, 1, },
		{ -0.14712008833885, 0.9891185760498, 0, 0, -0.9891185760498, -0.14712008833885, 0, 0, 0, 0, 1, 0, 0, 0, 0, 1, },
		{ -0.15340262651443, 0.9881637096405, 0, 0, -0.9881637096405, -0.15340262651443, 0, 0, 0, 0, 1, 0, 0, 0, 0, 1, },
		{ -0.15877018868923, 0.98731553554535, 0, 0, -0.98731553554535, -0.15877018868923, 0, 0, 0, 0, 1, 0, 0, 0, 0, 1, },
		{ -0.16320434212685, 0.98659229278564, 0, 0, -0.98659229278564, -0.16320434212685, 0, 0, 0, 0, 1, 0, 0, 0, 0, 1, },
		{ -0.16668719053268, 0.9860098361969, 0, 0, -0.9860098361969, -0.16668719053268, 0, 0, 0, 0, 1, 0, 0, 0, 0, 1, },
		{ -0.17072074115276, 0.98531943559647, 0, 0, -0.98531943559647, -0.17072074115276, 0, 0, 0, 0, 1, 0, 0, 0, 0, 1, },
	},
}
end
