function data()
return {
	times = { 0, 41.667, 83.333, 125, 166.667, 208.333, 250, 291.667, 333.333, 375, 416.667, 458.333, 500, 541.667, 583.333, 625, 666.667, 708.333, 750, 791.667, 833.333, 875, 916.667, 958.333, 1000, 1041.667, 1083.333, 1125, 1166.667, 1208.333, 1250, 1291.667, 1333.333, 1375, 1416.667, 1458.333, 1500, 1541.667, 1583.333, 1625, 1666.667, 1708.333, 1750, 1791.667, 1833.333, 1875, 1916.667, 1958.333, 2000, 2041.667, 2083.333, 2125, 2166.667, 2208.333, 2250, 2291.667, 2333.333, 2375, 2416.667, 2458.333, 2500, 2541.667, 2583.333, 2625, 2666.667, 2708.333, 2750, 2791.667, 2833.333, 2875, 2916.667, 2958.333, 3000, 3041.667, 3083.333, 3125, 3166.667, 3208.333, 3250, 3291.667, 3333.333, 3375, 3416.667, 3458.333, 3500, 3541.667, 3583.333, 3625, 3666.667, 3708.333, 3750, 3791.667, 3833.333, 3875, 3916.667, 3958.333, 4000, 4041.667, 4083.333, 4125, 4166.667, },
	transfs = {
		{ 1, 0, 0, 0, 0, 1, 0, 0, 0, 0, 1, 0, 0.051185302436352, 0, -0.0025625610724092, 1, },
		{ 0.99999940395355, 0, 0.001106453826651, 0, 0, 1, 0, 0, -0.001106453826651, 0, 0.99999940395355, 0, 0.051185302436352, 0, -0.0025625610724092, 1, },
		{ 0.99999159574509, 0, 0.0040911193937063, 0, 0, 1, 0, 0, -0.0040911193937063, 0, 0.99999159574509, 0, 0.051185302436352, 0, -0.0025625610724092, 1, },
		{ 0.99996429681778, 0, 0.0084519032388926, 0, 0, 1, 0, 0, -0.0084519032388926, 0, 0.99996429681778, 0, 0.051185302436352, 0, -0.0058093261905015, 1, },
		{ 0.99990636110306, 0, 0.013686620630324, 0, 0, 1, 0, 0, -0.013686620630324, 0, 0.99990636110306, 0, 0.080076903104782, 0, -0.010405883193016, 1, },
		{ 0.99981379508972, 0, 0.019293045625091, 0, 0, 1, 0, 0, -0.019293045625091, 0, 0.99981379508972, 0, 0.10896850377321, 0, -0.0163807682693, 1, },
		{ 0.99969029426575, 0, 0.024882750585675, 0, 0, 1, 0, 0, -0.024882750585675, 0, 0.99969029426575, 0, 0.1320556551218, 0, -0.023748626932502, 1, },
		{ 0.99953401088715, 0, 0.030522368848324, 0, 0, 1, 0, 0, -0.030522368848324, 0, 0.99953401088715, 0, 0.15514281392097, 0, -0.032464750111103, 1, },
		{ 0.99933761358261, 0, 0.03639218583703, 0, 0, 1, 0, 0, -0.03639218583703, 0, 0.99933761358261, 0, 0.17313109338284, 0, -0.042469177395105, 1, },
		{ 0.99908912181854, 0, 0.04267231374979, 0, 0, 1, 0, 0, -0.04267231374979, 0, 0.99908912181854, 0, 0.19111816585064, 0, -0.053702086210251, 1, },
		{ 0.99877202510834, 0, 0.049542561173439, 0, 0, 1, 0, 0, -0.049542561173439, 0, 0.99877202510834, 0, 0.20792113244534, 0, -0.066103897988796, 1, },
		{ 0.99836641550064, 0, 0.057134974747896, 0, 0, 1, 0, 0, -0.057134974747896, 0, 0.99836641550064, 0, 0.22472411394119, 0, -0.079617381095886, 1, },
		{ 0.99785959720612, 0, 0.065391600131989, 0, 0, 1, 0, 0, -0.065391600131989, 0, 0.99785959720612, 0, 0.24149779975414, 0, -0.09419471770525, 1, },
		{ 0.99724286794662, 0, 0.074206970632076, 0, 0, 1, 0, 0, -0.074206970632076, 0, 0.99724286794662, 0, 0.25827270746231, 0, -0.10979064553976, 1, },
		{ 0.99650985002518, 0, 0.083475515246391, 0, 0, 1, 0, 0, -0.083475515246391, 0, 0.99650985002518, 0, 0.2726843059063, 0, -0.1263599395752, 1, },
		{ 0.99565750360489, 0, 0.093091681599617, 0, 0, 1, 0, 0, -0.093091681599617, 0, 0.99565750360489, 0, 0.28709715604782, 0, -0.14385741949081, 1, },
		{ 0.99468541145325, 0, 0.10296075791121, 0, 0, 1, 0, 0, -0.10296075791121, 0, 0.99468541145325, 0, 0.30150878429413, 0, -0.16222533583641, 1, },
		{ 0.99359136819839, 0, 0.11303105950356, 0, 0, 1, 0, 0, -0.11303105950356, 0, 0.99359136819839, 0, 0.31090697646141, 0, -0.18135643005371, 1, },
		{ 0.99237412214279, 0, 0.12326167523861, 0, 0, 1, 0, 0, -0.12326167523861, 0, 0.99237412214279, 0, 0.32030639052391, 0, -0.20113097131252, 1, },
		{ 0.99103379249573, 0, 0.13361166417599, 0, 0, 1, 0, 0, -0.13361166417599, 0, 0.99103379249573, 0, 0.32970458269119, 0, -0.2214292883873, 1, },
		{ 0.98957175016403, 0, 0.14404036104679, 0, 0, 1, 0, 0, -0.14404036104679, 0, 0.98957175016403, 0, 0.33910277485847, 0, -0.24213179945946, 1, },
		{ 0.98799055814743, 0, 0.15451404452324, 0, 0, 1, 0, 0, -0.15451404452324, 0, 0.98799055814743, 0, 0.33668944239616, 0, -0.26313698291779, 1, },
		{ 0.98628914356232, 0, 0.16502621769905, 0, 0, 1, 0, 0, -0.16502621769905, 0, 0.98628914356232, 0, 0.33427610993385, 0, -0.28441688418388, 1, },
		{ 0.98446559906006, 0, 0.17557737231255, 0, 0, 1, 0, 0, -0.17557737231255, 0, 0.98446559906006, 0, 0.33186399936676, 0, -0.30596122145653, 1, },
		{ 0.98251795768738, 0, 0.18616783618927, 0, 0, 1, 0, 0, -0.18616783618927, 0, 0.98251795768738, 0, 0.32945066690445, 0, -0.32776054739952, 1, },
		{ 0.98044407367706, 0, 0.19679790735245, 0, 0, 1, 0, 0, -0.19679790735245, 0, 0.98044407367706, 0, 0.32703733444214, 0, -0.34980475902557, 1, },
		{ 0.97824513912201, 0, 0.20745240151882, 0, 0, 1, 0, 0, -0.20745240151882, 0, 0.97824513912201, 0, 0.32462400197983, 0, -0.37205725908279, 1, },
		{ 0.97593653202057, 0, 0.21805447340012, 0, 0, 1, 0, 0, -0.21805447340012, 0, 0.97593653202057, 0, 0.32221069931984, 0, -0.39437475800514, 1, },
		{ 0.97354090213776, 0, 0.22851254045963, 0, 0, 1, 0, 0, -0.22851254045963, 0, 0.97354090213776, 0, 0.31979858875275, 0, -0.41658675670624, 1, },
		{ 0.97108447551727, 0, 0.23873618245125, 0, 0, 1, 0, 0, -0.23873618245125, 0, 0.97108447551727, 0, 0.31738525629044, 0, -0.4385230243206, 1, },
		{ 0.96859699487686, 0, 0.24863585829735, 0, 0, 1, 0, 0, -0.24863585829735, 0, 0.96859699487686, 0, 0.31497192382812, 0, -0.46001347899437, 1, },
		{ 0.96610850095749, 0, 0.25813630223274, 0, 0, 1, 0, 0, -0.25813630223274, 0, 0.96610850095749, 0, 0.31255859136581, 0, -0.48091316223145, 1, },
		{ 0.96363651752472, 0, 0.26721641421318, 0, 0, 1, 0, 0, -0.26721641421318, 0, 0.96363651752472, 0, 0.31014648079872, 0, -0.50117933750153, 1, },
		{ 0.96119540929794, 0, 0.27586844563484, 0, 0, 1, 0, 0, -0.27586844563484, 0, 0.96119540929794, 0, 0.30773314833641, 0, -0.52079451084137, 1, },
		{ 0.95879912376404, 0, 0.28408494591713, 0, 0, 1, 0, 0, -0.28408494591713, 0, 0.95879912376404, 0, 0.3053198158741, 0, -0.5397412776947, 1, },
		{ 0.95646148920059, 0, 0.29185855388641, 0, 0, 1, 0, 0, -0.29185855388641, 0, 0.95646148920059, 0, 0.29184570908546, 0, -0.55800223350525, 1, },
		{ 0.95419538021088, 0, 0.29918414354324, 0, 0, 1, 0, 0, -0.29918414354324, 0, 0.95419538021088, 0, 0.27837279438972, 0, -0.57554799318314, 1, },
		{ 0.95201051235199, 0, 0.30606511235237, 0, 0, 1, 0, 0, -0.30606511235237, 0, 0.95201051235199, 0, 0.26489868760109, 0, -0.59230148792267, 1, },
		{ 0.94991540908813, 0, 0.31250709295273, 0, 0, 1, 0, 0, -0.31250709295273, 0, 0.94991540908813, 0, 0.24880248308182, 0, -0.60817378759384, 1, },
		{ 0.94791769981384, 0, 0.31851530075073, 0, 0, 1, 0, 0, -0.31851530075073, 0, 0.94791769981384, 0, 0.23270507156849, 0, -0.62307584285736, 1, },
		{ 0.94602453708649, 0, 0.3240949511528, 0, 0, 1, 0, 0, -0.3240949511528, 0, 0.94602453708649, 0, 0.2148193269968, 0, -0.63691860437393, 1, },
		{ 0.94425213336945, 0, 0.32922318577766, 0, 0, 1, 0, 0, -0.32922318577766, 0, 0.94425213336945, 0, 0.19693358242512, 0, -0.6496239900589, 1, },
		{ 0.94265675544739, 0, 0.33376374840736, 0, 0, 1, 0, 0, -0.33376374840736, 0, 0.94265675544739, 0, 0.17758056521416, 0, -0.66115736961365, 1, },
		{ 0.94130647182465, 0, 0.33755308389664, 0, 0, 1, 0, 0, -0.33755308389664, 0, 0.94130647182465, 0, 0.15822753310204, 0, -0.67149460315704, 1, },
		{ 0.94027042388916, 0, 0.3404284119606, 0, 0, 1, 0, 0, -0.3404284119606, 0, 0.94027042388916, 0, 0.13778930902481, 0, -0.68061196804047, 1, },
		{ 0.93961757421494, 0, 0.34222629666328, 0, 0, 1, 0, 0, -0.34222629666328, 0, 0.93961757421494, 0, 0.11735229194164, 0, -0.68848538398743, 1, },
		{ 0.93926012516022, 0, 0.34320610761642, 0, 0, 1, 0, 0, -0.34320610761642, 0, 0.93926012516022, 0, 0.09616332501173, 0, -0.69508296251297, 1, },
		{ 0.93909567594528, 0, 0.34365567564964, 0, 0, 1, 0, 0, -0.34365567564964, 0, 0.93909567594528, 0, 0.074974365532398, 0, -0.70034056901932, 1, },
		{ 0.93893110752106, 0, 0.34410515427589, 0, 0, 1, 0, 0, -0.34410515427589, 0, 0.93893110752106, 0, 0.05316162109375, 0, -0.70418548583984, 1, },
		{ 0.93890756368637, 0, 0.34416937828064, 0, 0, 1, 0, 0, -0.34416937828064, 0, 0.93890756368637, 0, 0.031348876655102, 0, -0.70654553174973, 1, },
		{ 0.93888396024704, 0, 0.34423363208771, 0, 0, 1, 0, 0, -0.34423363208771, 0, 0.93888396024704, 0, 0.009002685546875, 0, -0.70661813020706, 1, },
		{ 0.93912827968597, 0, 0.34356662631035, 0, 0, 1, 0, 0, -0.34356662631035, 0, 0.93912827968597, 0, -0.013343505561352, 0, -0.70669066905975, 1, },
		{ 0.93980896472931, 0, 0.34170016646385, 0, 0, 1, 0, 0, -0.34170016646385, 0, 0.93980896472931, 0, -0.035772703588009, 0, -0.70472550392151, 1, },
		{ 0.94084590673447, 0, 0.33883476257324, 0, 0, 1, 0, 0, -0.33883476257324, 0, 0.94084590673447, 0, -0.058201901614666, 0, -0.70146465301514, 1, },
		{ 0.94215732812881, 0, 0.33517098426819, 0, 0, 1, 0, 0, -0.33517098426819, 0, 0.94215732812881, 0, -0.07990600168705, 0, -0.69691997766495, 1, },
		{ 0.94366258382797, 0, 0.3309091925621, 0, 0, 1, 0, 0, -0.3309091925621, 0, 0.94366258382797, 0, -0.10161132365465, 0, -0.69110357761383, 1, },
		{ 0.94529867172241, 0, 0.32620602846146, 0, 0, 1, 0, 0, -0.32620602846146, 0, 0.94529867172241, 0, -0.12194457650185, 0, -0.68402510881424, 1, },
		{ 0.94706642627716, 0, 0.32103767991066, 0, 0, 1, 0, 0, -0.32103767991066, 0, 0.94706642627716, 0, -0.14227904379368, 0, -0.67568653821945, 1, },
		{ 0.94898027181625, 0, 0.315335303545, 0, 0, 1, 0, 0, -0.315335303545, 0, 0.94898027181625, 0, -0.16130980849266, 0, -0.66608810424805, 1, },
		{ 0.95105266571045, 0, 0.30902892351151, 0, 0, 1, 0, 0, -0.30902892351151, 0, 0.95105266571045, 0, -0.18034057319164, 0, -0.65522962808609, 1, },
		{ 0.95329266786575, 0, 0.30204793810844, 0, 0, 1, 0, 0, -0.30204793810844, 0, 0.95329266786575, 0, -0.19829466938972, 0, -0.64311116933823, 1, },
		{ 0.95569461584091, 0, 0.2943599820137, 0, 0, 1, 0, 0, -0.2943599820137, 0, 0.95569461584091, 0, -0.21624878048897, 0, -0.62975066900253, 1, },
		{ 0.95820307731628, 0, 0.2860888838768, 0, 0, 1, 0, 0, -0.2860888838768, 0, 0.95820307731628, 0, -0.23291625082493, 0, -0.6152366399765, 1, },
		{ 0.96075481176376, 0, 0.27739900350571, 0, 0, 1, 0, 0, -0.27739900350571, 0, 0.96075481176376, 0, -0.24958373606205, 0, -0.59967589378357, 1, },
		{ 0.96329170465469, 0, 0.2684568464756, 0, 0, 1, 0, 0, -0.2684568464756, 0, 0.96329170465469, 0, -0.26369872689247, 0, -0.58317464590073, 1, },
		{ 0.96576184034348, 0, 0.25943011045456, 0, 0, 1, 0, 0, -0.25943011045456, 0, 0.96576184034348, 0, -0.27781370282173, 0, -0.56583970785141, 1, },
		{ 0.96813160181046, 0, 0.25044173002243, 0, 0, 1, 0, 0, -0.25044173002243, 0, 0.96813160181046, 0, -0.29192870855331, 0, -0.54776322841644, 1, },
		{ 0.97041922807693, 0, 0.2414261251688, 0, 0, 1, 0, 0, -0.2414261251688, 0, 0.97041922807693, 0, -0.30222409963608, 0, -0.52898079156876, 1, },
		{ 0.97265130281448, 0, 0.23227007687092, 0, 0, 1, 0, 0, -0.23227007687092, 0, 0.97265130281448, 0, -0.31251952052116, 0, -0.50951427221298, 1, },
		{ 0.97485065460205, 0, 0.22285903990269, 0, 0, 1, 0, 0, -0.22285903990269, 0, 0.97485065460205, 0, -0.32281494140625, 0, -0.4893850684166, 1, },
		{ 0.97703522443771, 0, 0.21307769417763, 0, 0, 1, 0, 0, -0.21307769417763, 0, 0.97703522443771, 0, -0.32034057378769, 0, -0.46861457824707, 1, },
		{ 0.97921025753021, 0, 0.20284783840179, 0, 0, 1, 0, 0, -0.20284783840179, 0, 0.97921025753021, 0, -0.31786742806435, 0, -0.44724464416504, 1, },
		{ 0.98134726285934, 0, 0.19224336743355, 0, 0, 1, 0, 0, -0.19224336743355, 0, 0.98134726285934, 0, -0.31539306044579, 0, -0.42539772391319, 1, },
		{ 0.98341357707977, 0, 0.18137733638287, 0, 0, 1, 0, 0, -0.18137733638287, 0, 0.98341357707977, 0, -0.31291869282722, 0, -0.40321668982506, 1, },
		{ 0.98538118600845, 0, 0.17036378383636, 0, 0, 1, 0, 0, -0.17036378383636, 0, 0.98538118600845, 0, -0.31044554710388, 0, -0.38084396719933, 1, },
		{ 0.98722726106644, 0, 0.15931783616543, 0, 0, 1, 0, 0, -0.15931783616543, 0, 0.98722726106644, 0, -0.30797117948532, 0, -0.35842254757881, 1, },
		{ 0.98893570899963, 0, 0.1483449190855, 0, 0, 1, 0, 0, -0.1483449190855, 0, 0.98893570899963, 0, -0.30549681186676, 0, -0.33608192205429, 1, },
		{ 0.99050039052963, 0, 0.13750940561295, 0, 0, 1, 0, 0, -0.13750940561295, 0, 0.99050039052963, 0, -0.30302366614342, 0, -0.31389945745468, 1, },
		{ 0.99191999435425, 0, 0.12686513364315, 0, 0, 1, 0, 0, -0.12686513364315, 0, 0.99191999435425, 0, -0.30054929852486, 0, -0.2919394671917, 1, },
		{ 0.99319463968277, 0, 0.11646629869938, 0, 0, 1, 0, 0, -0.11646629869938, 0, 0.99319463968277, 0, -0.2980749309063, 0, -0.27026587724686, 1, },
		{ 0.99432694911957, 0, 0.10636711865664, 0, 0, 1, 0, 0, -0.10636711865664, 0, 0.99432694911957, 0, -0.29560059309006, 0, -0.24894362688065, 1, },
		{ 0.99532169103622, 0, 0.09661628305912, 0, 0, 1, 0, 0, -0.09661628305912, 0, 0.99532169103622, 0, -0.29312744736671, 0, -0.22803901135921, 1, },
		{ 0.9961873292923, 0, 0.087239943444729, 0, 0, 1, 0, 0, -0.087239943444729, 0, 0.9961873292923, 0, -0.29065307974815, 0, -0.20762854814529, 1, },
		{ 0.99693304300308, 0, 0.078258730471134, 0, 0, 1, 0, 0, -0.078258730471134, 0, 0.99693304300308, 0, -0.28817871212959, 0, -0.18779204785824, 1, },
		{ 0.99756848812103, 0, 0.069692820310593, 0, 0, 1, 0, 0, -0.069692820310593, 0, 0.99756848812103, 0, -0.28570556640625, 0, -0.16860839724541, 1, },
		{ 0.99810326099396, 0, 0.061562411487103, 0, 0, 1, 0, 0, -0.061562411487103, 0, 0.99810326099396, 0, -0.28323119878769, 0, -0.15015707910061, 1, },
		{ 0.99854737520218, 0, 0.053879495710135, 0, 0, 1, 0, 0, -0.053879495710135, 0, 0.99854737520218, 0, -0.26831299066544, 0, -0.13251265883446, 1, },
		{ 0.99891245365143, 0, 0.046624157577753, 0, 0, 1, 0, 0, -0.046624157577753, 0, 0.99891245365143, 0, -0.25339356064796, 0, -0.11573219299316, 1, },
		{ 0.99920892715454, 0, 0.039768323302269, 0, 0, 1, 0, 0, -0.039768323302269, 0, 0.99920892715454, 0, -0.23847533762455, 0, -0.099867783486843, 1, },
		{ 0.99944591522217, 0, 0.033283773809671, 0, 0, 1, 0, 0, -0.033283773809671, 0, 0.99944591522217, 0, -0.22242431342602, 0, -0.084972001612186, 1, },
		{ 0.999631524086, 0, 0.027142060920596, 0, 0, 1, 0, 0, -0.027142060920596, 0, 0.999631524086, 0, -0.20637328922749, 0, -0.07109672576189, 1, },
		{ 0.99977219104767, 0, 0.021344181150198, 0, 0, 1, 0, 0, -0.021344181150198, 0, 0.99977219104767, 0, -0.19019530713558, 0, -0.058294754475355, 1, },
		{ 0.99987185001373, 0, 0.016008881852031, 0, 0, 1, 0, 0, -0.016008881852031, 0, 0.99987185001373, 0, -0.17401732504368, 0, -0.046618040651083, 1, },
		{ 0.99993628263474, 0, 0.011284334585071, 0, 0, 1, 0, 0, -0.011284334585071, 0, 0.99993628263474, 0, -0.15445190668106, 0, -0.036119382828474, 1, },
		{ 0.9999732375145, 0, 0.007318667601794, 0, 0, 1, 0, 0, -0.007318667601794, 0, 0.9999732375145, 0, -0.1348876953125, 0, -0.026850737631321, 1, },
		{ 0.99999094009399, 0, 0.0042599276639521, 0, 0, 1, 0, 0, -0.0042599276639521, 0, 0.99999094009399, 0, -0.10815795511007, 0, -0.018864287063479, 1, },
		{ 0.99999755620956, 0, 0.0021810866892338, 0, 0, 1, 0, 0, -0.0021810866892338, 0, 0.99999755620956, 0, -0.081427000463009, 0, -0.012212676927447, 1, },
		{ 0.99999958276749, 0, 0.00092014652909711, 0, 0, 1, 0, 0, -0.00092014652909711, 0, 0.99999958276749, 0, -0.053624264895916, 0, -0.0069479369558394, 1, },
		{ 0.99999988079071, 0, 0.0002726367674768, 0, 0, 1, 0, 0, -0.0002726367674768, 0, 0.99999988079071, 0, -0.025821533054113, 0, -0.00312286359258, 1, },
		{ 1, 0, 3.4079654142261e-05, 0, 0, 1, 0, 0, -3.4079654142261e-05, 0, 1, 0, -0.025821533054113, 0, -0.00156143179629, 1, },
		{ 1, 0, 0, 0, 0, 1, 0, 0, 0, 0, 1, 0, -0.025821533054113, 0, 0, 1, },
	},
}
end
