function data()
return {
	times = { 0, 41.667, 83.333, 125, 166.667, 208.333, 250, 291.667, 333.333, 375, 416.667, 458.333, 500, 541.667, 583.333, 625, 666.667, 708.333, 750, 791.667, 833.333, 875, 916.667, 958.333, 1000, 1041.667, 1083.333, 1125, 1166.667, 1208.333, 1250, 1291.667, 1333.333, 1375, 1416.667, 1458.333, 1500, 1541.667, 1583.333, 1625, 1666.667, 1708.333, 1750, 1791.667, 1833.333, 1875, 1916.667, 1958.333, 2000, 2083.333, 2125, 2166.667, 2208.333, 2250, 2291.667, 2333.333, 2375, 2416.667, 2458.333, 2500, 2541.667, 2583.333, 2625, 2666.667, 2708.333, 2750, 2791.667, 2833.333, 2875, 2916.667, 2958.333, 3000, 3041.667, 3083.333, 3125, 3166.667, 3208.333, 3250, 3291.667, 3333.333, 3375, 3416.667, 3458.333, 3500, 3541.667, 3583.333, 3625, 3666.667, 3708.333, 3750, 3791.667, 3833.333, 3875, 3916.667, 3958.333, 4000, 4041.667, 4083.333, 4125, 4166.667, },
	transfs = {
		{ 1, 0, 0, 0, 0, 1, 0, 0, 0, 0, 1, 0, -0.050859373062849, 0, 0.00085647578816861, 1, },
		{ 0.99999922513962, 0, -0.001174705568701, 0, 0, 1, 0, 0, 0.001174705568701, 0, 0.99999922513962, 0, -0.050859373062849, 0, 0.00085647578816861, 1, },
		{ 0.99999058246613, 0, -0.0043464489281178, 0, 0, 1, 0, 0, 0.0043464489281178, 0, 0.99999058246613, 0, -0.050859373062849, 0, 0.0033492660149932, 1, },
		{ 0.99995964765549, 0, -0.008986602537334, 0, 0, 1, 0, 0, 0.008986602537334, 0, 0.99995964765549, 0, -0.050859373062849, 0, 0.007363204844296, 1, },
		{ 0.9998939037323, 0, -0.014566441066563, 0, 0, 1, 0, 0, 0.014566441066563, 0, 0.9998939037323, 0, -0.079482421278954, 0, 0.012783240526915, 1, },
		{ 0.99978864192963, 0, -0.020557159557939, 0, 0, 1, 0, 0, 0.020557159557939, 0, 0.99978864192963, 0, -0.10810424387455, 0, 0.019494246691465, 1, },
		{ 0.99964755773544, 0, -0.026544386520982, 0, 0, 1, 0, 0, 0.026544386520982, 0, 0.99964755773544, 0, -0.13081543147564, 0, 0.027399901300669, 1, },
		{ 0.99946939945221, 0, -0.032571155577898, 0, 0, 1, 0, 0, 0.032571155577898, 0, 0.99946939945221, 0, -0.15352782607079, 0, 0.036479033529758, 1, },
		{ 0.99924719333649, 0, -0.038794726133347, 0, 0, 1, 0, 0, 0.038794726133347, 0, 0.99924719333649, 0, -0.17104491591454, 0, 0.046728972345591, 1, },
		{ 0.99897015094757, 0, -0.0453722178936, 0, 0, 1, 0, 0, 0.0453722178936, 0, 0.99897015094757, 0, -0.18856078386307, 0, 0.058147430419922, 1, },
		{ 0.9986230134964, 0, -0.052460461854935, 0, 0, 1, 0, 0, 0.052460461854935, 0, 0.9986230134964, 0, -0.20480711758137, 0, 0.070731736719608, 1, },
		{ 0.99818736314774, 0, -0.060183309018612, 0, 0, 1, 0, 0, 0.060183309018612, 0, 0.99818736314774, 0, -0.22105346620083, 0, 0.084469757974148, 1, },
		{ 0.99764877557755, 0, -0.068533807992935, 0, 0, 1, 0, 0, 0.068533807992935, 0, 0.99764877557755, 0, -0.23723632097244, 0, 0.099310912191868, 1, },
		{ 0.99699449539185, 0, -0.077472120523453, 0, 0, 1, 0, 0, 0.077472120523453, 0, 0.99699449539185, 0, -0.25341919064522, 0, 0.11519493162632, 1, },
		{ 0.99621188640594, 0, -0.086958214640617, 0, 0, 1, 0, 0, 0.086958214640617, 0, 0.99621188640594, 0, -0.26732176542282, 0, 0.13206146657467, 1, },
		{ 0.99528908729553, 0, -0.096951730549335, 0, 0, 1, 0, 0, 0.096951730549335, 0, 0.99528908729553, 0, -0.28122314810753, 0, 0.14985008537769, 1, },
		{ 0.99421674013138, 0, -0.10739225894213, 0, 0, 1, 0, 0, 0.10739225894213, 0, 0.99421674013138, 0, -0.29512572288513, 0, 0.168491512537, 1, },
		{ 0.99299699068069, 0, -0.11813972145319, 0, 0, 1, 0, 0, 0.11813972145319, 0, 0.99299699068069, 0, -0.30414670705795, 0, 0.18787956237793, 1, },
		{ 0.99164003133774, 0, -0.12903471291065, 0, 0, 1, 0, 0, 0.12903471291065, 0, 0.99164003133774, 0, -0.31316649913788, 0, 0.20789901912212, 1, },
		{ 0.99016308784485, 0, -0.13991825282574, 0, 0, 1, 0, 0, 0.13991825282574, 0, 0.99016308784485, 0, -0.3221874833107, 0, 0.22843459248543, 1, },
		{ 0.98858976364136, 0, -0.15063256025314, 0, 0, 1, 0, 0, 0.15063256025314, 0, 0.98858976364136, 0, -0.33120849728584, 0, 0.2493709474802, 1, },
		{ 0.98694336414337, 0, -0.16106739640236, 0, 0, 1, 0, 0, 0.16106739640236, 0, 0.98694336414337, 0, -0.32874023914337, 0, 0.27061042189598, 1, },
		{ 0.98521894216537, 0, -0.17129951715469, 0, 0, 1, 0, 0, 0.17129951715469, 0, 0.98521894216537, 0, -0.32627195119858, 0, 0.29212522506714, 1, },
		{ 0.98339980840683, 0, -0.18145170807838, 0, 0, 1, 0, 0, 0.18145170807838, 0, 0.98339980840683, 0, -0.32380247116089, 0, 0.31390509009361, 1, },
		{ 0.98146402835846, 0, -0.1916461288929, 0, 0, 1, 0, 0, 0.1916461288929, 0, 0.98146402835846, 0, -0.32133421301842, 0, 0.33593979477882, 1, },
		{ 0.97938477993011, 0, -0.20200361311436, 0, 0, 1, 0, 0, 0.20200361311436, 0, 0.97938477993011, 0, -0.31886595487595, 0, 0.35821905732155, 1, },
		{ 0.97714012861252, 0, -0.21259635686874, 0, 0, 1, 0, 0, 0.21259635686874, 0, 0.97714012861252, 0, -0.31639769673347, 0, 0.38069984316826, 1, },
		{ 0.97474855184555, 0, -0.22330494225025, 0, 0, 1, 0, 0, 0.22330494225025, 0, 0.97474855184555, 0, -0.31392821669579, 0, 0.40320914983749, 1, },
		{ 0.97224533557892, 0, -0.23396345973015, 0, 0, 1, 0, 0, 0.23396345973015, 0, 0.97224533557892, 0, -0.31145995855331, 0, 0.42554077506065, 1, },
		{ 0.96967256069183, 0, -0.24440744519234, 0, 0, 1, 0, 0, 0.24440744519234, 0, 0.96967256069183, 0, -0.30899170041084, 0, 0.44748884439468, 1, },
		{ 0.96707940101624, 0, -0.25447452068329, 0, 0, 1, 0, 0, 0.25447452068329, 0, 0.96707940101624, 0, -0.30652344226837, 0, 0.46884801983833, 1, },
		{ 0.96451288461685, 0, -0.264035820961, 0, 0, 1, 0, 0, 0.264035820961, 0, 0.96451288461685, 0, -0.30405396223068, 0, 0.48945334553719, 1, },
		{ 0.96198850870132, 0, -0.27309000492096, 0, 0, 1, 0, 0, 0.27309000492096, 0, 0.96198850870132, 0, -0.30158567428589, 0, 0.50930744409561, 1, },
		{ 0.95951211452484, 0, -0.28166720271111, 0, 0, 1, 0, 0, 0.28166720271111, 0, 0.95951211452484, 0, -0.29911741614342, 0, 0.52845412492752, 1, },
		{ 0.95708799362183, 0, -0.28979751467705, 0, 0, 1, 0, 0, 0.28979751467705, 0, 0.95708799362183, 0, -0.2866076529026, 0, 0.54693740606308, 1, },
		{ 0.95471841096878, 0, -0.29751068353653, 0, 0, 1, 0, 0, 0.29751068353653, 0, 0.95471841096878, 0, -0.27409666776657, 0, 0.56480115652084, 1, },
		{ 0.95240688323975, 0, -0.30482968688011, 0, 0, 1, 0, 0, 0.30482968688011, 0, 0.95240688323975, 0, -0.26158690452576, 0, 0.58205533027649, 1, },
		{ 0.9501639008522, 0, -0.31175082921982, 0, 0, 1, 0, 0, 0.31175082921982, 0, 0.9501639008522, 0, -0.24613036215305, 0, 0.59857457876205, 1, },
		{ 0.94800209999084, 0, -0.318264067173, 0, 0, 1, 0, 0, 0.318264067173, 0, 0.94800209999084, 0, -0.23067259788513, 0, 0.61419922113419, 1, },
		{ 0.94593393802643, 0, -0.3243593275547, 0, 0, 1, 0, 0, 0.3243593275547, 0, 0.94593393802643, 0, -0.21333007514477, 0, 0.62876987457275, 1, },
		{ 0.94397151470184, 0, -0.33002677559853, 0, 0, 1, 0, 0, 0.33002677559853, 0, 0.94397151470184, 0, -0.19598875939846, 0, 0.64212703704834, 1, },
		{ 0.94214081764221, 0, -0.33521726727486, 0, 0, 1, 0, 0, 0.33521726727486, 0, 0.94214081764221, 0, -0.17718993127346, 0, 0.65414839982986, 1, },
		{ 0.94052416086197, 0, -0.33972689509392, 0, 0, 1, 0, 0, 0.33972689509392, 0, 0.94052416086197, 0, -0.15839232504368, 0, 0.66485869884491, 1, },
		{ 0.93922072649002, 0, -0.34331375360489, 0, 0, 1, 0, 0, 0.34331375360489, 0, 0.93922072649002, 0, -0.13843017816544, 0, 0.67432081699371, 1, },
		{ 0.93833154439926, 0, -0.34573674201965, 0, 0, 1, 0, 0, 0.34573674201965, 0, 0.93833154439926, 0, -0.11846923828125, 0, 0.68259626626968, 1, },
		{ 0.93795603513718, 0, -0.34675416350365, 0, 0, 1, 0, 0, 0.34675416350365, 0, 0.93795603513718, 0, -0.097600094974041, 0, 0.6897474527359, 1, },
		{ 0.93792724609375, 0, -0.34683212637901, 0, 0, 1, 0, 0, 0.34683212637901, 0, 0.93792724609375, 0, -0.07673217356205, 0, 0.69580882787704, 1, },
		{ 0.93789833784103, 0, -0.34691005945206, 0, 0, 1, 0, 0, 0.34691005945206, 0, 0.93789833784103, 0, -0.055244140326977, 0, 0.70070403814316, 1, },
		{ 0.93786948919296, 0, -0.34698802232742, 0, 0, 1, 0, 0, 0.34698802232742, 0, 0.93786948919296, 0, -0.033756103366613, 0, 0.70432937145233, 1, },
		{ 0.93781185150146, 0, -0.34714388847351, 0, 0, 1, 0, 0, 0.34714388847351, 0, 0.93781185150146, 0, 0.009820556268096, 0, 0.70735442638397, 1, },
		{ 0.93812280893326, 0, -0.3463026881218, 0, 0, 1, 0, 0, 0.3463026881218, 0, 0.93812280893326, 0, 0.031604003161192, 0, 0.70588666200638, 1, },
		{ 0.93897038698196, 0, -0.34399792551994, 0, 0, 1, 0, 0, 0.34399792551994, 0, 0.93897038698196, 0, 0.053387448191643, 0, 0.70441895723343, 1, },
		{ 0.94022381305695, 0, -0.34055724740028, 0, 0, 1, 0, 0, 0.34055724740028, 0, 0.94022381305695, 0, 0.074919432401657, 0, 0.70078700780869, 1, },
		{ 0.94175189733505, 0, -0.3363082408905, 0, 0, 1, 0, 0, 0.3363082408905, 0, 0.94175189733505, 0, 0.096452631056309, 0, 0.69574582576752, 1, },
		{ 0.9434272646904, 0, -0.33157959580421, 0, 0, 1, 0, 0, 0.33157959580421, 0, 0.9434272646904, 0, 0.11749267578125, 0, 0.68932068347931, 1, },
		{ 0.94515365362167, 0, -0.32662609219551, 0, 0, 1, 0, 0, 0.32662609219551, 0, 0.94515365362167, 0, 0.13853393495083, 0, 0.68153655529022, 1, },
		{ 0.94694381952286, 0, -0.3213991522789, 0, 0, 1, 0, 0, 0.3213991522789, 0, 0.94694381952286, 0, 0.15870116651058, 0, 0.67242157459259, 1, },
		{ 0.94883471727371, 0, -0.3157731294632, 0, 0, 1, 0, 0, 0.3157731294632, 0, 0.94883471727371, 0, 0.17886717617512, 0, 0.66200315952301, 1, },
		{ 0.9508598446846, 0, -0.30962166190147, 0, 0, 1, 0, 0, 0.30962166190147, 0, 0.9508598446846, 0, 0.19763427972794, 0, 0.65030926465988, 1, },
		{ 0.95304864645004, 0, -0.30281707644463, 0, 0, 1, 0, 0, 0.30281707644463, 0, 0.95304864645004, 0, 0.21640259027481, 0, 0.63736778497696, 1, },
		{ 0.95541250705719, 0, -0.29527419805527, 0, 0, 1, 0, 0, 0.29527419805527, 0, 0.95541250705719, 0, 0.23333251476288, 0, 0.62322491407394, 1, },
		{ 0.95790541172028, 0, -0.28708401322365, 0, 0, 1, 0, 0, 0.28708401322365, 0, 0.95790541172028, 0, 0.25026366114616, 0, 0.60799962282181, 1, },
		{ 0.9604703783989, 0, -0.27838227152824, 0, 0, 1, 0, 0, 0.27838227152824, 0, 0.9604703783989, 0, 0.26482298970222, 0, 0.59182900190353, 1, },
		{ 0.96305447816849, 0, -0.26930639147758, 0, 0, 1, 0, 0, 0.26930639147758, 0, 0.96305447816849, 0, 0.27938231825829, 0, 0.57485020160675, 1, },
		{ 0.9656098484993, 0, -0.25999537110329, 0, 0, 1, 0, 0, 0.25999537110329, 0, 0.9656098484993, 0, 0.29394164681435, 0, 0.55720084905624, 1, },
		{ 0.968101978302, 0, -0.2505564391613, 0, 0, 1, 0, 0, 0.2505564391613, 0, 0.968101978302, 0, 0.30547973513603, 0, 0.53898632526398, 1, },
		{ 0.97053384780884, 0, -0.24096477031708, 0, 0, 1, 0, 0, 0.24096477031708, 0, 0.97053384780884, 0, 0.3170166015625, 0, 0.52018743753433, 1, },
		{ 0.97291523218155, 0, -0.23116205632687, 0, 0, 1, 0, 0, 0.23116205632687, 0, 0.97291523218155, 0, 0.32855468988419, 0, 0.50075322389603, 1, },
		{ 0.97525352239609, 0, -0.22108948230743, 0, 0, 1, 0, 0, 0.22108948230743, 0, 0.97525352239609, 0, 0.32611083984375, 0, 0.48063284158707, 1, },
		{ 0.97755342721939, 0, -0.21068768203259, 0, 0, 1, 0, 0, 0.21068768203259, 0, 0.97755342721939, 0, 0.32366698980331, 0, 0.45977559685707, 1, },
		{ 0.97981065511703, 0, -0.19992743432522, 0, 0, 1, 0, 0, 0.19992743432522, 0, 0.97981065511703, 0, 0.32122313976288, 0, 0.43818107247353, 1, },
		{ 0.98199599981308, 0, -0.18890172243118, 0, 0, 1, 0, 0, 0.18890172243118, 0, 0.98199599981308, 0, 0.31877928972244, 0, 0.41605132818222, 1, },
		{ 0.98407834768295, 0, -0.1777349114418, 0, 0, 1, 0, 0, 0.1777349114418, 0, 0.98407834768295, 0, 0.31633543968201, 0, 0.39363867044449, 1, },
		{ 0.98603254556656, 0, -0.16655278205872, 0, 0, 1, 0, 0, 0.16655278205872, 0, 0.98603254556656, 0, 0.31389158964157, 0, 0.3711955845356, 1, },
		{ 0.98783874511719, 0, -0.1554819047451, 0, 0, 1, 0, 0, 0.1554819047451, 0, 0.98783874511719, 0, 0.31144773960114, 0, 0.3489745259285, 1, },
		{ 0.98948532342911, 0, -0.14463342726231, 0, 0, 1, 0, 0, 0.14463342726231, 0, 0.98948532342911, 0, 0.3090038895607, 0, 0.3271704018116, 1, },
		{ 0.99097418785095, 0, -0.13405293226242, 0, 0, 1, 0, 0, 0.13405293226242, 0, 0.99097418785095, 0, 0.30655881762505, 0, 0.30574789643288, 1, },
		{ 0.99231100082397, 0, -0.12376952171326, 0, 0, 1, 0, 0, 0.12376952171326, 0, 0.99231100082397, 0, 0.30411499738693, 0, 0.28461447358131, 1, },
		{ 0.99350225925446, 0, -0.11381227523088, 0, 0, 1, 0, 0, 0.11381227523088, 0, 0.99350225925446, 0, 0.3016711473465, 0, 0.2636770606041, 1, },
		{ 0.9945552945137, 0, -0.10421003401279, 0, 0, 1, 0, 0, 0.10421003401279, 0, 0.9945552945137, 0, 0.29922729730606, 0, 0.24284301698208, 1, },
		{ 0.99547904729843, 0, -0.094981156289577, 0, 0, 1, 0, 0, 0.094981156289577, 0, 0.99547904729843, 0, 0.29678344726562, 0, 0.22206489741802, 1, },
		{ 0.99628633260727, 0, -0.086101546883583, 0, 0, 1, 0, 0, 0.086101546883583, 0, 0.99628633260727, 0, 0.29433959722519, 0, 0.20147697627544, 1, },
		{ 0.99698948860168, 0, -0.077536553144455, 0, 0, 1, 0, 0, 0.077536553144455, 0, 0.99698948860168, 0, 0.29189574718475, 0, 0.18125876784325, 1, },
		{ 0.99759924411774, 0, -0.06925106793642, 0, 0, 1, 0, 0, 0.06925106793642, 0, 0.99759924411774, 0, 0.28945189714432, 0, 0.16158965229988, 1, },
		{ 0.99812495708466, 0, -0.061209708452225, 0, 0, 1, 0, 0, 0.061209708452225, 0, 0.99812495708466, 0, 0.28700804710388, 0, 0.14264960587025, 1, },
		{ 0.99857318401337, 0, -0.053399231284857, 0, 0, 1, 0, 0, 0.053399231284857, 0, 0.99857318401337, 0, 0.27160888910294, 0, 0.12460266053677, 1, },
		{ 0.99894618988037, 0, -0.045894872397184, 0, 0, 1, 0, 0, 0.045894872397184, 0, 0.99894618988037, 0, 0.25620970129967, 0, 0.10755279660225, 1, },
		{ 0.99924719333649, 0, -0.038794126361609, 0, 0, 1, 0, 0, 0.038794126361609, 0, 0.99924719333649, 0, 0.24081054329872, 0, 0.091588206589222, 1, },
		{ 0.99948161840439, 0, -0.032194431871176, 0, 0, 1, 0, 0, 0.032194431871176, 0, 0.99948161840439, 0, 0.2245556563139, 0, 0.076797559857368, 1, },
		{ 0.99965685606003, 0, -0.02619319781661, 0, 0, 1, 0, 0, 0.02619319781661, 0, 0.99965685606003, 0, 0.20829956233501, 0, 0.063269272446632, 1, },
		{ 0.99978220462799, 0, -0.020867248997092, 0, 0, 1, 0, 0, 0.020867248997092, 0, 0.99978220462799, 0, 0.19178955256939, 0, 0.051074903458357, 1, },
		{ 0.99986857175827, 0, -0.016211528331041, 0, 0, 1, 0, 0, 0.016211528331041, 0, 0.99986857175827, 0, 0.17527832090855, 0, 0.040218733251095, 1, },
		{ 0.99992555379868, 0, -0.012200380675495, 0, 0, 1, 0, 0, 0.012200380675495, 0, 0.99992555379868, 0, 0.15534423291683, 0, 0.030687788501382, 1, },
		{ 0.99996113777161, 0, -0.0088080344721675, 0, 0, 1, 0, 0, 0.0088080344721675, 0, 0.99996113777161, 0, 0.13541136682034, 0, 0.022469175979495, 1, },
		{ 0.99998188018799, 0, -0.006008661352098, 0, 0, 1, 0, 0, 0.006008661352098, 0, 0.99998188018799, 0, 0.10845702886581, 0, 0.015550155192614, 1, },
		{ 0.99999278783798, 0, -0.0037763901054859, 0, 0, 1, 0, 0, 0.0037763901054859, 0, 0.99999278783798, 0, 0.081501461565495, 0, 0.0099179074168205, 1, },
		{ 0.99999785423279, 0, -0.0020853180903941, 0, 0, 1, 0, 0, 0.0020853180903941, 0, 0.99999785423279, 0, 0.05364990234375, 0, 0.0055595776066184, 1, },
		{ 0.99999958276749, 0, -0.00090951815946028, 0, 0, 1, 0, 0, 0.00090951815946028, 0, 0.99999958276749, 0, 0.025799559429288, 0, 0.0024623870849609, 1, },
		{ 1, 0, -0.00022305696620606, 0, 0, 1, 0, 0, 0.00022305696620606, 0, 1, 0, 0.025799559429288, 0, 0.00061351776821539, 1, },
		{ 1, 0, 0, 0, 0, 1, 0, 0, 0, 0, 1, 0, 0.025799559429288, 0, 0.00061351776821539, 1, },
	},
}
end
